0.000000000000000000e+00
7.591079175472259521e-02
6.326108425855636597e-02
7.497102022171020508e-02
5.976970493793487549e-02
3.892836719751358032e-02
2.893851697444915771e-02
2.226886525750160217e-02
1.733211427927017212e-02
1.501987874507904053e-02
1.407508086413145065e-02
1.365642528980970383e-02
1.326599717140197754e-02
1.280396711081266403e-02
1.253104023635387421e-02
1.234636269509792328e-02
1.176215521991252899e-02
1.124155521392822266e-02
1.096102595329284668e-02
1.048346608877182007e-02
1.002820208668708801e-02
9.664419107139110565e-03
9.411165490746498108e-03
9.190188720822334290e-03
8.882845751941204071e-03
8.778398856520652771e-03
8.501804433763027191e-03
8.347764611244201660e-03
8.178623393177986145e-03
7.949916645884513855e-03
7.801116444170475006e-03
7.639599498361349106e-03
7.499516010284423828e-03
7.359527982771396637e-03
7.215593941509723663e-03
7.107165642082691193e-03
6.987859960645437241e-03
6.908315233886241913e-03
6.856414489448070526e-03
6.760444026440382004e-03
6.714650429785251617e-03
6.629936397075653076e-03
6.550270132720470428e-03
6.478018127381801605e-03
6.408718880265951157e-03
6.353118922561407089e-03
6.299049593508243561e-03
6.241220980882644653e-03
6.200028583407402039e-03
6.143301725387573242e-03
6.090580485761165619e-03
6.044552661478519440e-03
5.985379219055175781e-03
5.945376120507717133e-03
5.898822098970413208e-03
5.859517958015203476e-03
5.854679271578788757e-03
5.961915012449026108e-03
6.363946944475173950e-03
6.084754131734371185e-03
5.883151665329933167e-03
5.846621003001928329e-03
5.854144692420959473e-03
5.649459548294544220e-03
5.791384261101484299e-03
5.600507371127605438e-03
5.667920224368572235e-03
5.512963049113750458e-03
5.596087314188480377e-03
5.434318445622920990e-03
5.469588562846183777e-03
5.389773752540349960e-03
5.356998648494482040e-03
5.306492559611797333e-03
5.280199460685253143e-03
5.233577918261289597e-03
5.171253345906734467e-03
5.162105429917573929e-03
5.104745738208293915e-03
5.088879726827144623e-03
5.059984978288412094e-03
5.026207305490970612e-03
5.018395837396383286e-03
5.054452456533908844e-03
5.139488726854324341e-03
5.067911930382251740e-03
4.820135887712240219e-03
4.860891029238700867e-03
4.801797214895486832e-03
4.778139758855104446e-03
4.712877795100212097e-03
4.609068389981985092e-03
4.674553871154785156e-03
4.565703682601451874e-03
4.524026066064834595e-03
4.633315373212099075e-03
4.741969984024763107e-03
5.051283165812492371e-03
4.927166737616062164e-03
4.596003331243991852e-03
4.479856695979833603e-03
4.710226319730281830e-03
4.469896201044321060e-03
4.368985071778297424e-03
4.434301052242517471e-03
4.351298324763774872e-03
4.362729843705892563e-03
4.210711922496557236e-03
4.249868914484977722e-03
4.274024162441492081e-03
4.124303348362445831e-03
4.180106334388256073e-03
4.149271175265312195e-03
4.125416744500398636e-03
4.121108446270227432e-03
4.077269695699214935e-03
4.047076217830181122e-03
3.946976736187934875e-03
3.987457137554883957e-03
4.060882609337568283e-03
3.894676221534609795e-03
3.915588371455669403e-03
3.980483859777450562e-03
4.001367371529340744e-03
4.044500645250082016e-03
4.017601720988750458e-03
4.197429865598678589e-03
4.051213618367910385e-03
4.348345566540956497e-03
3.947635646909475327e-03
4.203258082270622253e-03
4.084991756826639175e-03
3.922691568732261658e-03
4.077601246535778046e-03
3.771472722291946411e-03
3.966593183577060699e-03
3.730047959834337234e-03
3.981587477028369904e-03
3.746308153495192528e-03
3.779831109568476677e-03
3.748054616153240204e-03
3.736268263310194016e-03
3.618148155510425568e-03
3.727065166458487511e-03
3.605251666158437729e-03
3.633237909525632858e-03
3.547483822330832481e-03
3.532461822032928467e-03
3.548886626958847046e-03
3.516835160553455353e-03
3.623448312282562256e-03
3.861546516418457031e-03
4.164486657828092575e-03
3.975146450102329254e-03
3.894954454153776169e-03
3.757029771804809570e-03
4.016702994704246521e-03
3.691307734698057175e-03
3.929097671061754227e-03
3.589140018448233604e-03
3.682573093101382256e-03
3.640061244368553162e-03
3.510860726237297058e-03
3.591712564229965210e-03
3.555040340870618820e-03
3.485225839540362358e-03
3.499018726870417595e-03
3.487998619675636292e-03
3.402930451557040215e-03
3.390071913599967957e-03
3.451274242252111435e-03
3.350271610543131828e-03
3.291036933660507202e-03
3.365407465025782585e-03
3.320601768791675568e-03
3.238883567973971367e-03
3.305295482277870178e-03
3.291623666882514954e-03
3.198694903403520584e-03
3.226908622309565544e-03
3.322941949591040611e-03
3.443453926593065262e-03
3.488760441541671753e-03
3.607403952628374100e-03
3.309943480417132378e-03
3.339316230267286301e-03
3.520788624882698059e-03
3.192366566509008408e-03
3.554524620994925499e-03
3.314196597784757614e-03
3.245197702199220657e-03
3.302921308204531670e-03
3.160790307447314262e-03
3.231423906981945038e-03
3.158173989504575729e-03
3.410143544897437096e-03
3.127078525722026825e-03
3.204445820301771164e-03
3.101676236838102341e-03
3.146253293380141258e-03
3.129809629172086716e-03
3.114190883934497833e-03
3.112124744802713394e-03
3.069446189329028130e-03
3.054196015000343323e-03
3.034554421901702881e-03
3.036126028746366501e-03
3.242727369070053101e-03
3.692632541060447693e-03
3.697977866977453232e-03
3.681353293359279633e-03
3.501988481730222702e-03
3.600590629503130913e-03
3.418036503717303276e-03
3.397423774003982544e-03
3.261265810579061508e-03
3.340766532346606255e-03
3.281360492110252380e-03
3.158432198688387871e-03
3.203714033588767052e-03
3.138282801955938339e-03
3.127828938886523247e-03
3.046135883778333664e-03
3.047187579795718193e-03
3.076202003285288811e-03
2.964209532365202904e-03
2.920750528573989868e-03
2.920759376138448715e-03
2.917672973126173019e-03
2.895691199228167534e-03
2.858965424820780754e-03
2.829201286658644676e-03
2.860764740034937859e-03
2.873513381928205490e-03
2.901454223319888115e-03
2.945191692560911179e-03
3.080058842897415161e-03
2.905165310949087143e-03
2.841656561940908432e-03
2.877554623410105705e-03
2.790516708046197891e-03
2.830208279192447662e-03
2.808097284287214279e-03
2.732822671532630920e-03
2.831343328580260277e-03
2.760382834821939468e-03
2.856602659448981285e-03
3.023970639333128929e-03
3.237114753574132919e-03
3.288886277005076408e-03
2.838368294760584831e-03
3.068557707592844963e-03
2.872637938708066940e-03
3.017028560861945152e-03
2.801847644150257111e-03
2.871628385037183762e-03
2.765910699963569641e-03
2.778006717562675476e-03
2.756443805992603302e-03
2.774027874693274498e-03
2.677783370018005371e-03
2.672605216503143311e-03
2.685719635337591171e-03
2.666593529284000397e-03
2.760119270533323288e-03
2.736859023571014404e-03
2.678912831470370293e-03
2.667127177119255066e-03
2.631614450365304947e-03
2.621529391035437584e-03
2.556480467319488525e-03
2.574327867478132248e-03
2.655913587659597397e-03
2.634066622704267502e-03
2.772865351289510727e-03
2.749302890151739120e-03
2.793919062241911888e-03
2.870241180062294006e-03
2.685505896806716919e-03
2.663929946720600128e-03
2.684446051716804504e-03
2.658883109688758850e-03
2.568903379142284393e-03
2.542973961681127548e-03
2.531009027734398842e-03
2.561408095061779022e-03
2.509486628696322441e-03
2.520648064091801643e-03
2.698513679206371307e-03
2.667627064511179924e-03
2.474901732057332993e-03
2.499829977750778198e-03
2.544872928410768509e-03
2.559200860559940338e-03
2.449970692396163940e-03
2.450895495712757111e-03
2.467262325808405876e-03
2.552129793912172318e-03
2.650540322065353394e-03
2.599672647193074226e-03
2.667115535587072372e-03
2.686056774109601974e-03
2.531506353989243507e-03
2.658321289345622063e-03
2.807610668241977692e-03
2.692573470994830132e-03
2.545806346461176872e-03
2.631961135193705559e-03
2.738008974120020866e-03
2.465533791109919548e-03
2.699131844565272331e-03
2.848227974027395248e-03
2.742258831858634949e-03
2.730641048401594162e-03
2.669529989361763000e-03
2.633017254993319511e-03
2.638105303049087524e-03
2.636372810229659081e-03
2.533962251618504524e-03
2.584765665233135223e-03
2.497106557711958885e-03
2.516988432034850121e-03
2.451843116432428360e-03
2.467297948896884918e-03
2.432718407362699509e-03
2.407243708148598671e-03
2.367608714848756790e-03
2.351737581193447113e-03
2.386028412729501724e-03
2.315473277121782303e-03
2.299513202160596848e-03
2.298017730936408043e-03
2.315600169822573662e-03
2.336713951081037521e-03
2.349321963265538216e-03
2.511167898774147034e-03
2.491939580067992210e-03
2.410949906334280968e-03
2.393768168985843658e-03
2.385964617133140564e-03
2.362311352044343948e-03
2.286419272422790527e-03
2.340160775929689407e-03
2.322382759302854538e-03
2.369340043514966965e-03
2.267090138047933578e-03
2.267511328682303429e-03
2.337577287107706070e-03
2.407388994470238686e-03
2.308394294232130051e-03
2.345611108466982841e-03
2.385753672569990158e-03
2.381935482844710350e-03
2.307134913280606270e-03
2.454103436321020126e-03
2.668791916221380234e-03
3.157329512760043144e-03
3.221770282834768295e-03
2.918686252087354660e-03
2.654972253367304802e-03
2.836104948073625565e-03
2.724121091887354851e-03
2.584099303930997849e-03
2.671291586011648178e-03
2.480580005794763565e-03
2.534311730414628983e-03
2.492822706699371338e-03
2.426059916615486145e-03
2.400896744802594185e-03
2.377413911744952202e-03
2.343758475035429001e-03
2.368635730817914009e-03
2.308090683072805405e-03
2.320571802556514740e-03
2.298676874488592148e-03
2.298157894983887672e-03
2.241914859041571617e-03
2.245800336822867393e-03
2.208129968494176865e-03
2.204141113907098770e-03
2.177841495722532272e-03
2.158723305910825729e-03
2.157931216061115265e-03
2.148925792425870895e-03
2.148484811186790466e-03
2.165435347706079483e-03
2.265162533149123192e-03
2.304037800058722496e-03
2.338959369808435440e-03
2.401085803285241127e-03
2.555452985689043999e-03
2.432610839605331421e-03
2.237656619399785995e-03
2.487833146005868912e-03
2.317633712664246559e-03
2.178281545639038086e-03
2.390940207988023758e-03
2.198027912527322769e-03
2.203746465966105461e-03
2.265315037220716476e-03
2.173800487071275711e-03
2.232236322015523911e-03
2.457960275933146477e-03
2.252039965242147446e-03
2.298851497471332550e-03
2.398842945694923401e-03
2.309959614649415016e-03
2.234250772744417191e-03
2.196856541559100151e-03
2.239903900772333145e-03
2.247298136353492737e-03
2.150592859834432602e-03
2.214887645095586777e-03
2.147937659174203873e-03
2.137939445674419403e-03
2.225443255156278610e-03
2.171304076910018921e-03
2.166744321584701538e-03
2.136019989848136902e-03
2.107411623001098633e-03
2.100555459037423134e-03
2.087821252644062042e-03
2.032842254266142845e-03
2.046981593593955040e-03
2.070162212476134300e-03
2.024704590439796448e-03
2.117150928825139999e-03
2.232239115983247757e-03
2.477398840710520744e-03
2.285829046741127968e-03
2.196359913796186447e-03
2.200212329626083374e-03
2.215717919170856476e-03
2.180792856961488724e-03
2.117097843438386917e-03
2.103636041283607483e-03
2.136706840246915817e-03
2.108921296894550323e-03
2.100939396768808365e-03
2.108828863129019737e-03
2.212886232882738113e-03
2.495790366083383560e-03
2.291811164468526840e-03
2.220024354755878448e-03
2.146682702004909515e-03
2.186213154345750809e-03
2.151923021301627159e-03
2.129640430212020874e-03
2.091049682348966599e-03
2.089936053380370140e-03
2.057278063148260117e-03
2.090927679091691971e-03
2.097064163535833359e-03
2.053978852927684784e-03
2.057230100035667419e-03
2.090146299451589584e-03
2.020557178184390068e-03
2.012253506109118462e-03
2.021625405177474022e-03
1.967268530279397964e-03
1.931844628416001797e-03
1.955915940925478935e-03
1.957810949534177780e-03
2.010557102039456367e-03
1.968355616554617882e-03
2.051000017672777176e-03
2.094977069646120071e-03
2.105858176946640015e-03
2.105203922837972641e-03
2.436703536659479141e-03
2.286050934344530106e-03
2.274027559906244278e-03
2.355602104216814041e-03
2.302345354110002518e-03
2.158748218789696693e-03
2.355465665459632874e-03
2.037495840340852737e-03
2.176474779844284058e-03
2.131290733814239502e-03
2.057588193565607071e-03
2.035106066614389420e-03
2.062395215034484863e-03
1.952849328517913818e-03
2.054795157164335251e-03
2.044502645730972290e-03
2.020093146711587906e-03
2.016859129071235657e-03
2.004016190767288208e-03
1.940704882144927979e-03
1.995415892452001572e-03
1.951202517375349998e-03
1.966947922483086586e-03
1.974422484636306763e-03
1.940096495673060417e-03
1.888955477625131607e-03
1.916152774356305599e-03
1.962174661457538605e-03
1.939222565852105618e-03
1.924782758578658104e-03
1.927833538502454758e-03
1.936484361067414284e-03
2.112174173817038536e-03
2.134525217115879059e-03
2.219430636614561081e-03
2.220774069428443909e-03
2.035624114796519279e-03
1.907988218590617180e-03
2.003775443881750107e-03
2.015734091401100159e-03
1.994538120925426483e-03
1.984888222068548203e-03
1.933942898176610470e-03
1.881237607449293137e-03
1.858526607975363731e-03
1.880559488199651241e-03
1.808474189601838589e-03
1.820446690544486046e-03
1.823826576583087444e-03
1.832455629482865334e-03
1.951772719621658325e-03
2.047394867986440659e-03
2.370060887187719345e-03
2.052107360213994980e-03
2.429358428344130516e-03
2.698762807995080948e-03
2.273518592119216919e-03
2.459991024807095528e-03
2.124665072187781334e-03
2.292124088853597641e-03
2.122608711943030357e-03
2.135203685611486435e-03
2.094730036333203316e-03
2.064795233309268951e-03
2.067583147436380386e-03
1.955486135557293892e-03
2.039547078311443329e-03
1.928580924868583679e-03
1.959071960300207138e-03
1.898928429000079632e-03
1.915343105792999268e-03
1.881409785710275173e-03
1.880336087197065353e-03
1.840107841417193413e-03
1.833445625379681587e-03
1.806838903576135635e-03
1.818875200115144253e-03
1.795494346879422665e-03
1.805988838896155357e-03
1.886091427877545357e-03
2.205007476732134819e-03
2.549686934798955917e-03
2.649148460477590561e-03
2.334675053134560585e-03
2.487737452611327171e-03
2.427951199933886528e-03
2.262397436425089836e-03
2.223854651674628258e-03
2.205349272117018700e-03
2.160175237804651260e-03
2.113415393978357315e-03
2.065837383270263672e-03
2.020227722823619843e-03
2.027441747486591339e-03
1.944267889484763145e-03
1.973208971321582794e-03
1.929959282279014587e-03
1.910360413603484631e-03
1.889307517558336258e-03
1.854738569818437099e-03
1.855031587183475494e-03
1.820367993786931038e-03
1.804046565666794777e-03
1.784028834663331509e-03
1.801393693313002586e-03
1.772347604855895042e-03
1.747867441736161709e-03
1.745773362927138805e-03
1.733022159896790981e-03
1.733751734718680382e-03
1.727208727970719337e-03
1.716245315037667751e-03
1.722525223158299923e-03
1.717581762932240963e-03
1.716447761282324791e-03
1.718091778457164764e-03
1.727080321870744228e-03
1.730525633320212364e-03
1.757026184350252151e-03
1.761149964295327663e-03
1.756347715854644775e-03
1.742896391078829765e-03
1.720773056149482727e-03
1.676027197390794754e-03
1.654308754950761795e-03
1.652620267122983932e-03
1.676769461482763290e-03
1.729994779452681541e-03
1.811015652492642403e-03
1.886814832687377930e-03
1.876622322015464306e-03
1.835175324231386185e-03
1.790815847925841808e-03
1.905558630824089050e-03
2.035868354141712189e-03
1.880098017863929272e-03
1.813702750951051712e-03
1.808573259040713310e-03
1.784540596418082714e-03
1.798380399122834206e-03
1.803599298000335693e-03
1.720673753879964352e-03
1.753180986270308495e-03
1.728350180201232433e-03
1.783220446668565273e-03
1.829308224841952324e-03
1.836336916312575340e-03
1.797390170395374298e-03
1.764644403010606766e-03
1.695860875770449638e-03
1.721586799249053001e-03
1.734976191073656082e-03
1.702746376395225525e-03
1.728035858832299709e-03
1.705201575532555580e-03
1.696230261586606503e-03
1.730313757434487343e-03
1.675073057413101196e-03
1.686547882854938507e-03
1.677210791967809200e-03
1.725410809740424156e-03
1.666533644311130047e-03
1.640714239329099655e-03
1.682742848061025143e-03
1.761313993483781815e-03
1.762891188263893127e-03
1.800695317797362804e-03
1.913565443828701973e-03
1.938468194566667080e-03
1.991460099816322327e-03
1.870405860245227814e-03
1.821462414227426052e-03
1.757447374984622002e-03
1.809034263715147972e-03
1.732242060825228691e-03
1.707234769128262997e-03
1.758045982569456100e-03
1.789293251931667328e-03
1.623490243218839169e-03
1.723875524476170540e-03
1.768424641340970993e-03
1.646318472921848297e-03
1.660370267927646637e-03
1.705144066363573074e-03
1.678433269262313843e-03
1.647436874918639660e-03
1.673788530752062798e-03
1.715472433716058731e-03
1.791377901099622250e-03
1.822941238060593605e-03
1.802136190235614777e-03
1.666309079155325890e-03
1.719363965094089508e-03
1.700414693914353848e-03
1.629803213290870190e-03
1.635635504499077797e-03
1.659845234826207161e-03
1.629741163924336433e-03
1.584551064297556877e-03
1.584551762789487839e-03
1.585704041644930840e-03
1.603673561476171017e-03
1.601403811946511269e-03
1.585716148838400841e-03
1.589260995388031006e-03
1.602035714313387871e-03
1.671416684985160828e-03
1.769082969985902309e-03
1.913192681968212128e-03
2.039426937699317932e-03
2.031508134678006172e-03
2.097999211400747299e-03
2.077004639431834221e-03
2.226723358035087585e-03
2.009981777518987656e-03
1.919241971336305141e-03
1.980646513402462006e-03
1.857203780673444271e-03
1.806593267247080803e-03
1.776807359419763088e-03
1.877475995570421219e-03
1.712414785288274288e-03
1.773614319972693920e-03
1.754026743583381176e-03
1.678010448813438416e-03
1.717555569484829903e-03
1.641884213313460350e-03
1.631714170798659325e-03
1.637307927012443542e-03
1.596714369952678680e-03
1.593899796716868877e-03
1.591922249644994736e-03
1.539000659249722958e-03
1.568244537338614464e-03
1.536919269710779190e-03
1.539543038234114647e-03
1.526723615825176239e-03
1.556258066557347775e-03
1.558618387207388878e-03
1.659762929193675518e-03
1.815388444811105728e-03
2.077842596918344498e-03
1.852631918154656887e-03
1.607593847438693047e-03
1.722798682749271393e-03
1.722607179544866085e-03
1.597196562215685844e-03
1.627404475584626198e-03
1.639425754547119141e-03
1.583535573445260525e-03
1.545652281492948532e-03
1.616883440874516964e-03
1.681431429460644722e-03
1.573499175719916821e-03
1.589130959473550320e-03
1.613680622540414333e-03
1.624374068342149258e-03
1.669473364017903805e-03
1.584690995514392853e-03
1.579430187121033669e-03
1.620357623323798180e-03
1.541302888654172421e-03
1.518857548944652081e-03
1.544654136523604393e-03
1.515768235549330711e-03
1.528370543383061886e-03
1.555109745822846889e-03
1.544031081721186638e-03
1.552007510326802731e-03
1.519150799140334129e-03
1.484888023696839809e-03
1.473276875913143158e-03
1.472579664550721645e-03
1.482773921452462673e-03
1.529965084046125412e-03
1.575833535753190517e-03
1.557196723297238350e-03
1.548205502331256866e-03
1.542942831292748451e-03
1.583812176249921322e-03
1.622252864763140678e-03
1.712133176624774933e-03
1.694919541478157043e-03
1.589564373716711998e-03
1.733189448714256287e-03
1.630744663998484612e-03
1.618522102944552898e-03
1.614078180864453316e-03
1.610610168427228928e-03
1.588885090313851833e-03
1.552499248646199703e-03
1.628625090233981609e-03
1.485092565417289734e-03
1.601543626748025417e-03
1.625710050575435162e-03
1.637254375964403152e-03
1.537191099487245083e-03
1.564240432344377041e-03
1.506752101704478264e-03
1.539319753646850586e-03
1.506327651441097260e-03
1.491849659942090511e-03
1.485197106376290321e-03
1.548380008898675442e-03
1.644884468987584114e-03
1.804649131372570992e-03
1.800419064238667488e-03
1.765491790138185024e-03
1.616137917153537273e-03
1.615470275282859802e-03
1.642595045268535614e-03
1.537061994895339012e-03
1.596707617864012718e-03
1.582518103532493114e-03
1.510219532065093517e-03
1.590478583239018917e-03
1.559764612466096878e-03
1.491733244620263577e-03
1.554229296743869781e-03
1.513958908617496490e-03
1.492424635216593742e-03
1.450614305213093758e-03
1.456887926906347275e-03
1.443561865016818047e-03
1.421680557541549206e-03
1.440350664779543877e-03
1.391461119055747986e-03
1.415262813679873943e-03
1.396725885570049286e-03
1.381888869218528271e-03
1.402491703629493713e-03
1.399479690007865429e-03
1.433080062270164490e-03
1.537007163278758526e-03
1.790259033441543579e-03
2.317882608622312546e-03
2.237193752080202103e-03
2.015148755162954330e-03
1.944402931258082390e-03
2.051436575129628181e-03
1.828083186410367489e-03
1.803058083169162273e-03
1.757933991029858589e-03
1.705902395769953728e-03
1.699899672530591488e-03
1.606606296263635159e-03
1.701700501143932343e-03
1.583248260430991650e-03
1.593982800841331482e-03
1.566710299812257290e-03
1.521732192486524582e-03
1.536870258860290051e-03
1.480949111282825470e-03
1.489154878072440624e-03
1.469544367864727974e-03
1.450763083994388580e-03
1.437700120732188225e-03
1.443918677978217602e-03
1.449996605515480042e-03
1.429736032150685787e-03
1.481285667978227139e-03
1.499889185652136803e-03
1.562316319905221462e-03
1.498488942161202431e-03
1.401116140186786652e-03
1.395473256707191467e-03
1.429280266165733337e-03
1.430752919986844063e-03
1.387079129926860332e-03
1.368662575259804726e-03
1.370621845126152039e-03
1.376793719828128815e-03
1.410652301274240017e-03
1.397587126120924950e-03
1.460198778659105301e-03
1.584255835041403770e-03
1.769166206941008568e-03
1.702376175671815872e-03
1.433841185644268990e-03
1.413726713508367538e-03
1.604556455276906490e-03
1.549342647194862366e-03
1.386712770909070969e-03
1.443650573492050171e-03
1.517563941888511181e-03
1.434881938621401787e-03
1.347358687780797482e-03
1.406593248248100281e-03
1.427006209269165993e-03
1.358149340376257896e-03
1.343493699096143246e-03
1.397378975525498390e-03
1.410494558513164520e-03
1.437569037079811096e-03
1.501140999607741833e-03
1.658597378991544247e-03
1.691304845735430717e-03
1.467765076085925102e-03
1.374222221784293652e-03
1.489826710894703865e-03
1.492073759436607361e-03
1.393555081449449062e-03
1.386269694194197655e-03
1.488996669650077820e-03
1.389245269820094109e-03
1.329025719314813614e-03
1.404102193191647530e-03
1.386769465170800686e-03
1.362819457426667213e-03
1.366706565022468567e-03
1.351040089502930641e-03
1.370310317724943161e-03
1.361394068226218224e-03
1.338242786005139351e-03
1.356412074528634548e-03
1.347740995697677135e-03
1.329272054135799408e-03
1.335062435828149319e-03
1.335602486506104469e-03
1.367814838886260986e-03
1.453560544177889824e-03
1.530807232484221458e-03
1.655740546993911266e-03
1.408310024999082088e-03
1.547023071907460690e-03
1.597916940227150917e-03
1.411587349139153957e-03
1.548345549963414669e-03
1.476883655413985252e-03
1.412250450812280178e-03
1.470176270231604576e-03
1.379406079649925232e-03
1.390954828821122646e-03
1.408102689310908318e-03
1.351766521111130714e-03
1.390705816447734833e-03
1.355022192001342773e-03
1.361853792332112789e-03
1.335273846052587032e-03
1.357702538371086121e-03
1.377359032630920410e-03
1.428292831405997276e-03
1.506344415247440338e-03
1.669158926233649254e-03
1.656242064200341702e-03
1.576288370415568352e-03
1.469158916734158993e-03
1.490853261202573776e-03
1.488866284489631653e-03
1.377901295199990273e-03
1.368701225146651268e-03
1.437962055206298828e-03
1.437540049664676189e-03
1.375544583424925804e-03
1.346820965409278870e-03
1.349660567939281464e-03
1.337032765150070190e-03
1.332126907072961330e-03
1.338657923042774200e-03
1.370092271827161312e-03
1.340454211458563805e-03
1.316429348662495613e-03
1.276008086279034615e-03
1.256183371879160404e-03
1.259115291759371758e-03
1.275166170671582222e-03
1.269175088964402676e-03
1.251603243872523308e-03
1.250395784154534340e-03
1.256872434169054031e-03
1.278123119845986366e-03
1.276833005249500275e-03
1.297570765018463135e-03
1.348610036075115204e-03
1.415854319930076599e-03
1.432895078323781490e-03
1.485157757997512817e-03
1.533004338853061199e-03
1.634303713217377663e-03
1.502105500549077988e-03
1.406497671268880367e-03
1.462176442146301270e-03
1.444380148313939571e-03
1.423125155270099640e-03
1.393664628267288208e-03
1.366298994980752468e-03
1.392124919220805168e-03
1.351420185528695583e-03
1.334092812612652779e-03
1.370204030536115170e-03
1.310099614784121513e-03
1.291929627768695354e-03
1.326780533418059349e-03
1.283957622945308685e-03
1.308739185333251953e-03
1.300783827900886536e-03
1.274468610063195229e-03
1.296852249652147293e-03
1.302579883486032486e-03
1.267342828214168549e-03
1.261567696928977966e-03
1.262078993022441864e-03
1.250642351806163788e-03
1.272288849577307701e-03
1.307631726376712322e-03
1.424668589606881142e-03
1.697393832728266716e-03
1.760773709975183010e-03
1.669497229158878326e-03
1.432367600500583649e-03
1.403800444677472115e-03
1.513670547865331173e-03
1.452563330531120300e-03
1.374126877635717392e-03
1.476912177167832851e-03
1.435997197404503822e-03
1.413170597516000271e-03
1.358101842924952507e-03
1.370765035971999168e-03
1.293410081416368484e-03
1.295770169235765934e-03
1.341488445177674294e-03
1.319211442023515701e-03
1.277890289202332497e-03
1.274822629056870937e-03
1.250043511390686035e-03
1.242014113813638687e-03
1.270725391805171967e-03
1.268157851882278919e-03
1.263643847778439522e-03
1.239810837432742119e-03
1.246170140802860260e-03
1.256545307114720345e-03
1.225722604431211948e-03
1.253558206371963024e-03
1.213633455336093903e-03
1.203487045131623745e-03
1.195200835354626179e-03
1.205070293508470058e-03
1.237496151588857174e-03
1.323786913417279720e-03
1.407706527970731258e-03
1.606764039024710655e-03
1.674253493547439575e-03
1.587857026606798172e-03
1.420728396624326706e-03
1.468779053539037704e-03
1.443071640096604824e-03
1.377915381453931332e-03
1.379086403176188469e-03
1.355648040771484375e-03
1.326977973803877831e-03
1.346202916465699673e-03
1.297382288612425327e-03
1.293713110499083996e-03
1.286768354475498199e-03
1.261940691620111465e-03
1.255864277482032776e-03
1.247531967237591743e-03
1.247255364432930946e-03
1.236397307366132736e-03
1.216338947415351868e-03
1.238889992237091064e-03
1.237583579495549202e-03
1.218559104017913342e-03
1.253071590326726437e-03
1.245202845893800259e-03
1.256335293874144554e-03
1.287498162128031254e-03
1.292076194658875465e-03
1.279594725929200649e-03
1.267903717234730721e-03
1.236291602253913879e-03
1.262741629034280777e-03
1.256627729162573814e-03
1.266488106921315193e-03
1.311877509579062462e-03
1.382453134283423424e-03
1.411271165125072002e-03
1.246334402821958065e-03
1.255974639207124710e-03
1.296296366490423679e-03
1.287384657189249992e-03
1.217618701048195362e-03
1.184043707326054573e-03
1.214296091347932816e-03
1.203118823468685150e-03
1.182106556370854378e-03
1.186552690342068672e-03
1.214286079630255699e-03
1.205445965752005577e-03
1.222041901201009750e-03
1.218946883454918861e-03
1.231810078024864197e-03
1.233731629326939583e-03
1.225082087330520153e-03
1.265477389097213745e-03
1.297614071518182755e-03
1.293151872232556343e-03
1.264920923858880997e-03
1.264078542590141296e-03
1.333623542450368404e-03
1.435884623788297176e-03
1.509769237600266933e-03
1.554843969643115997e-03
1.465130946598947048e-03
1.408764626830816269e-03
1.500122714787721634e-03
1.393479993566870689e-03
1.322401105426251888e-03
1.382707967422902584e-03
1.337260939180850983e-03
1.316423527896404266e-03
1.345764729194343090e-03
1.301170908845961094e-03
1.324241748079657555e-03
1.383796101436018944e-03
1.222544116899371147e-03
1.324753509834408760e-03
1.279550837352871895e-03
1.275847898796200752e-03
1.287645427510142326e-03
1.256647403351962566e-03
1.272973837330937386e-03
1.228360924869775772e-03
1.216870499774813652e-03
1.233761780895292759e-03
1.235071802511811256e-03
1.203625695779919624e-03
1.215544529259204865e-03
1.178354141302406788e-03
1.175112556666135788e-03
1.156383426859974861e-03
1.163751236163079739e-03
1.170136616565287113e-03
1.177667058072984219e-03
1.190147711895406246e-03
1.215504948049783707e-03
1.248123124241828918e-03
1.219028956256806850e-03
1.187383662909269333e-03
1.168710528872907162e-03
1.172458636574447155e-03
1.200674567371606827e-03
1.179695944301784039e-03
1.167526934295892715e-03
1.152766402810811996e-03
1.176871708594262600e-03
1.233780174516141415e-03
1.239271368831396103e-03
1.232540584169328213e-03
1.193298026919364929e-03
1.151866745203733444e-03
1.195227727293968201e-03
1.228669425472617149e-03
1.219665864482522011e-03
1.176146441139280796e-03
1.181317958980798721e-03
1.279921038076281548e-03
1.308241742663085461e-03
1.237120013684034348e-03
1.227852306328713894e-03
1.232636976055800915e-03
1.213181065395474434e-03
1.188872265629470348e-03
1.198685611598193645e-03
1.230853842571377754e-03
1.162198837846517563e-03
1.151093747466802597e-03
1.182898762635886669e-03
1.192108960822224617e-03
1.188913593068718910e-03
1.187820802442729473e-03
1.167721115052700043e-03
1.154028344899415970e-03
1.134419813752174377e-03
1.155603211373090744e-03
1.160253887064754963e-03
1.170809962786734104e-03
1.219681231305003166e-03
1.263510202988982201e-03
1.343472162261605263e-03
1.382354646921157837e-03
1.329331076703965664e-03
1.216067816130816936e-03
1.197404228150844574e-03
1.207828056067228317e-03
1.218894030898809433e-03
1.186297507956624031e-03
1.125810085795819759e-03
1.125119859352707863e-03
1.170594128780066967e-03
1.139034400694072247e-03
1.164333196356892586e-03
1.177358673885464668e-03
1.158446422778069973e-03
1.162404892966151237e-03
1.196200377307832241e-03
1.193127129226922989e-03
1.185012515634298325e-03
1.188441645354032516e-03
1.191637245938181877e-03
1.212438335642218590e-03
1.179576735012233257e-03
1.219123951159417629e-03
1.186219276860356331e-03
1.176690915599465370e-03
1.182909123599529266e-03
1.258338685147464275e-03
1.260843593627214432e-03
1.188263879157602787e-03
1.224905019626021385e-03
1.266900449991226196e-03
1.236254815012216568e-03
1.270203851163387299e-03
1.239335164427757263e-03
1.210700138472020626e-03
1.231625210493803024e-03
1.159216975793242455e-03
1.218483783304691315e-03
1.162505126558244228e-03
1.172278542071580887e-03
1.217009266838431358e-03
1.151535543613135815e-03
1.141340471804141998e-03
1.122480141930282116e-03
1.126292627304792404e-03
1.143786823377013206e-03
1.142753055319190025e-03
1.138327061198651791e-03
1.165316789411008358e-03
1.182190608233213425e-03
1.254398026503622532e-03
1.255603856407105923e-03
1.249863067641854286e-03
1.173879019916057587e-03
1.152020646259188652e-03
1.235584495589137077e-03
1.247909851372241974e-03
1.191671239212155342e-03
1.130788936279714108e-03
1.151241711340844631e-03
1.175984158180654049e-03
1.156662125140428543e-03
1.140215899795293808e-03
1.161642605438828468e-03
1.161454711109399796e-03
1.137018436565995216e-03
1.166615984402596951e-03
1.168756745755672455e-03
1.131224678829312325e-03
1.121702254749834538e-03
1.099702785722911358e-03
1.107532065361738205e-03
1.117956824600696564e-03
1.140214269980788231e-03
1.153159420937299728e-03
1.180879655294120312e-03
1.201050588861107826e-03
1.249998225830495358e-03
1.175788929685950279e-03
1.128930249251425266e-03
1.111903926357626915e-03
1.152026699855923653e-03
1.116432715207338333e-03
1.131364377215504646e-03
1.131986267864704132e-03
1.094848150387406349e-03
1.170935225673019886e-03
1.129529788158833981e-03
1.102021196857094765e-03
1.127178780734539032e-03
1.134137623012065887e-03
1.092050108127295971e-03
1.120285363867878914e-03
1.107834745198488235e-03
1.093248138204216957e-03
1.120154047384858131e-03
1.114611048251390457e-03
1.151022966951131821e-03
1.154638244770467281e-03
1.154953963123261929e-03
1.179165090434253216e-03
1.146767637692391872e-03
1.135673606768250465e-03
1.130971242673695087e-03
1.178745413199067116e-03
1.174483797512948513e-03
1.142263412475585938e-03
1.130544696934521198e-03
1.119203167036175728e-03
1.109196804463863373e-03
1.065837685018777847e-03
1.059345901012420654e-03
1.078922068700194359e-03
1.058940775692462921e-03
1.078136032447218895e-03
1.119156135246157646e-03
1.092984806746244431e-03
1.112442929297685623e-03
1.164030982181429863e-03
1.143274130299687386e-03
1.115111866965889931e-03
1.108029158785939217e-03
1.066694152541458607e-03
1.055154367350041866e-03
1.098232343792915344e-03
1.110657351091504097e-03
1.148964161984622478e-03
1.138192601501941681e-03
1.094462582841515541e-03
1.088752411305904388e-03
1.082529313862323761e-03
1.084344461560249329e-03
1.090462203137576580e-03
1.063001691363751888e-03
1.092178630642592907e-03
1.126731629483401775e-03
1.154398545622825623e-03
1.134025515057146549e-03
1.090012839995324612e-03
1.094450009986758232e-03
1.100539928302168846e-03
1.086379867047071457e-03
1.142106135375797749e-03
1.241908757947385311e-03
1.311904634349048138e-03
1.514705596491694450e-03
1.584870973601937294e-03
1.675389707088470459e-03
1.428068964742124081e-03
1.311390195041894913e-03
1.317414804361760616e-03
1.387753058224916458e-03
1.337579684332013130e-03
1.243918435648083687e-03
1.279123709537088871e-03
1.315032015554606915e-03
1.228333450853824615e-03
1.221324782818555832e-03
1.155122532509267330e-03
1.171436393633484840e-03
1.201003789901733398e-03
1.097938278689980507e-03
1.138466410338878632e-03
1.126721384935081005e-03
1.082390663214027882e-03
1.088661374524235725e-03
1.083327690139412880e-03
1.071801409125328064e-03
1.076875953003764153e-03
1.037409412674605846e-03
1.043132273480296135e-03
1.035156659781932831e-03
1.037412555888295174e-03
1.026316429488360882e-03
1.011012587696313858e-03
9.972443804144859314e-04
1.009544590488076210e-03
1.004452351480722427e-03
1.005291938781738281e-03
1.000796211883425713e-03
9.890764486044645309e-04
9.863629238680005074e-04
9.849888738244771957e-04
1.001914031803607941e-03
1.031385734677314758e-03
1.089975587092339993e-03
1.181672792881727219e-03
1.282689627259969711e-03
1.385775743983685970e-03
1.249914523214101791e-03
1.147040515206754208e-03
1.229185960255563259e-03
1.294328132644295692e-03
1.284720026887953281e-03
1.061396556906402111e-03
1.133747282437980175e-03
1.224358566105365753e-03
1.072931801900267601e-03
1.077793538570404053e-03
1.168562099337577820e-03
1.106880838051438332e-03
1.062007388100028038e-03
1.129271229729056358e-03
1.083820592612028122e-03
1.068493817001581192e-03
1.058579189702868462e-03
1.052595442160964012e-03
1.094682607799768448e-03
1.077653141692280769e-03
1.080712536349892616e-03
1.060186186805367470e-03
1.110213226638734341e-03
1.017917064018547535e-03
1.039327587932348251e-03
1.047734869644045830e-03
1.045551383867859840e-03
1.020074705593287945e-03
1.030764891766011715e-03
1.052212435752153397e-03
1.044747070409357548e-03
1.077940687537193298e-03
1.036580535583198071e-03
1.087151002138853073e-03
1.067082630470395088e-03
1.054153777658939362e-03
1.027116551995277405e-03
1.061032060533761978e-03
1.008325722068548203e-03
1.023857970722019672e-03
1.007850980386137962e-03
1.007761806249618530e-03
1.014113659039139748e-03
1.023976365104317665e-03
1.053934101946651936e-03
1.083012321032583714e-03
1.098280888982117176e-03
1.073566731065511703e-03
1.073449733667075634e-03
1.024902565404772758e-03
1.017864095047116280e-03
1.032515661790966988e-03
1.050638733431696892e-03
1.022035488858819008e-03
1.074545085430145264e-03
1.088618068024516106e-03
1.077067572623491287e-03
1.113377744331955910e-03
1.111957593820989132e-03
1.082962611690163612e-03
1.070506521500647068e-03
1.076471526175737381e-03
1.027318532578647137e-03
1.000200863927602768e-03
1.029603648930788040e-03
1.061461283825337887e-03
1.031788415275514126e-03
1.048544771037995815e-03
1.027784077450633049e-03
1.012618537060916424e-03
1.009450759738683701e-03
9.862299775704741478e-04
9.624368394725024700e-04
9.801730047911405563e-04
9.707982535474002361e-04
9.998905006796121597e-04
9.854910895228385925e-04
1.003220444545149803e-03
1.074044033885002136e-03
1.164552406407892704e-03
1.152999699115753174e-03
1.073171268217265606e-03
1.017211819998919964e-03
9.959496092051267624e-04
1.057923538610339165e-03
1.060943817719817162e-03
1.005015918053686619e-03
1.019136165268719196e-03
1.038144808262586594e-03
9.581760386936366558e-04
1.030858373269438744e-03
1.057218061760067940e-03
9.820931591093540192e-04
1.055678585544228554e-03
1.055377419106662273e-03
1.056975102983415127e-03
1.076349290087819099e-03
1.036585308611392975e-03
1.056410837918519974e-03
1.019840477965772152e-03
1.017701230011880398e-03
9.872119408100843430e-04
9.788244497030973434e-04
1.012232853099703789e-03
1.024288940243422985e-03
1.079885289072990417e-03
1.084670191630721092e-03
1.106938812881708145e-03
1.038511632941663265e-03
9.840282145887613297e-04
9.883856400847434998e-04
9.800540283322334290e-04
1.019979594275355339e-03
9.776033693924546242e-04
9.568110108375549316e-04
9.438471752218902111e-04
9.487532079219818115e-04
9.844733867794275284e-04
1.026772428303956985e-03
1.072665443643927574e-03
1.117907464504241943e-03
1.073879771865904331e-03
1.112639787606894970e-03
1.091956975869834423e-03
1.003999612294137478e-03
9.406517492607235909e-04
9.892130037769675255e-04
1.051340601406991482e-03
9.967398364096879959e-04
9.468863136135041714e-04
9.558305609971284866e-04
9.920418960973620415e-04
9.956271387636661530e-04
9.649365674704313278e-04
9.706870187073945999e-04
1.032254192978143692e-03
1.078555127605795860e-03
1.181686064228415489e-03
1.270429231226444244e-03
1.225923770107328892e-03
1.039833645336329937e-03
1.037481240928173065e-03
1.147611765190958977e-03
1.029328908771276474e-03
1.099571236409246922e-03
1.088946824893355370e-03
1.049265149049460888e-03
1.073958352208137512e-03
1.023254590108990669e-03
1.043789321556687355e-03
1.047914498485624790e-03
1.055439235642552376e-03
1.033526146784424782e-03
1.010965788736939430e-03
1.012678141705691814e-03
9.522646432742476463e-04
9.750913595780730247e-04
9.735286585055291653e-04
9.726214921101927757e-04
9.504855843260884285e-04
9.459626162424683571e-04
9.274014737457036972e-04
9.642424993216991425e-04
9.302028920501470566e-04
9.411072824150323868e-04
9.246136760339140892e-04
9.582384955137968063e-04
9.564358042553067207e-04
9.759342065081000328e-04
9.753520134836435318e-04
9.516336722299456596e-04
9.434752864763140678e-04
9.316192008554935455e-04
9.286419954150915146e-04
9.005462052300572395e-04
9.041781886480748653e-04
8.980737766250967979e-04
9.083544136956334114e-04
9.158159373328089714e-04
9.317820658907294273e-04
9.634294547140598297e-04
9.943894110620021820e-04
1.075423788279294968e-03
1.149985240772366524e-03
1.158498926088213921e-03
1.180265331640839577e-03
1.080194720998406410e-03
9.933903347700834274e-04
1.034627086482942104e-03
1.057859743013978004e-03
1.005677739158272743e-03
1.012383843772113323e-03
1.013172673992812634e-03
1.018248149193823338e-03
9.651660802774131298e-04
9.816780220717191696e-04
9.973414707928895950e-04
9.497278369963169098e-04
9.890180081129074097e-04
9.934433037415146828e-04
9.572216076776385307e-04
9.639756754040718079e-04
9.619925986044108868e-04
9.592374553903937340e-04
9.423355804756283760e-04
9.392715874128043652e-04
9.003153536468744278e-04
8.887822041288018227e-04
8.939133258536458015e-04
8.734352886676788330e-04
9.033818496391177177e-04
9.178562904708087444e-04
9.433826198801398277e-04
1.001544995233416557e-03
9.881523437798023224e-04
9.479018626734614372e-04
8.934950456023216248e-04
9.381015552207827568e-04
9.724301635287702084e-04
1.050717430189251900e-03
1.071101985871791840e-03
1.028916100040078163e-03
9.924507467076182365e-04
9.810628835111856461e-04
9.251123992726206779e-04
9.302436374127864838e-04
9.996191365644335747e-04
9.858099510893225670e-04
9.424061281606554985e-04
9.969647508114576340e-04
1.010401058010756969e-03
9.865438332781195641e-04
9.524135384708642960e-04
9.317165240645408630e-04
9.081066818907856941e-04
8.946623420342803001e-04
9.018662385642528534e-04
8.942044223658740520e-04
8.928523166105151176e-04
8.772349683567881584e-04
8.897531661204993725e-04
9.020474972203373909e-04
8.959168335422873497e-04
9.094279957935214043e-04
9.655285393819212914e-04
9.288340806961059570e-04
9.589547989889979362e-04
9.665520628914237022e-04
9.284658590331673622e-04
9.282897226512432098e-04
9.485989576205611229e-04
9.420174174010753632e-04
9.634000016376376152e-04
1.024472992867231369e-03
1.088516786694526672e-03
1.179818413220345974e-03
1.100702560506761074e-03
1.102140173316001892e-03
1.100994413718581200e-03
1.164231915026903152e-03
1.155694248154759407e-03
1.048272941261529922e-03
1.039171824231743813e-03
1.051563769578933716e-03
1.027373364195227623e-03
1.042127143591642380e-03
1.009412808343768120e-03
1.085873926058411598e-03
9.907725034281611443e-04
9.618361364118754864e-04
9.894387330859899521e-04
9.653561282902956009e-04
9.492423851042985916e-04
9.265997796319425106e-04
9.115017019212245941e-04
9.232533047907054424e-04
8.795036701485514641e-04
8.835312910377979279e-04
8.635792764835059643e-04
8.725791121833026409e-04
8.655663114041090012e-04
8.592706872150301933e-04
8.535635424777865410e-04
8.446557330898940563e-04
8.407164714299142361e-04
8.442947873845696449e-04
8.610314107500016689e-04
8.963089785538613796e-04
9.890914661809802055e-04
1.018983777612447739e-03
1.008747378364205360e-03
9.127011289820075035e-04
9.109777165576815605e-04
9.490958182141184807e-04
9.144053328782320023e-04
8.848230354487895966e-04
9.373128414154052734e-04
9.596766903996467590e-04
9.415558306500315666e-04
1.005935482680797577e-03
9.693507454358041286e-04
9.018173441290855408e-04
8.503241697326302528e-04
8.901191758923232555e-04
9.186756215058267117e-04
8.693599957041442394e-04
8.761656936258077621e-04
8.769881678745150566e-04
8.694652351550757885e-04
8.824607357382774353e-04
8.877553045749664307e-04
9.060375159606337547e-04
9.472379460930824280e-04
1.040644245222210884e-03
1.104019815102219582e-03
1.117045292630791664e-03
1.015063724480569363e-03
9.103018674068152905e-04
9.652531007304787636e-04
1.011382089927792549e-03
9.422133443877100945e-04
9.153030696325004101e-04
9.229849092662334442e-04
9.336796356365084648e-04
8.845109259709715843e-04
8.844372350722551346e-04
9.076548158191144466e-04
8.736028103157877922e-04
8.547906763851642609e-04
8.662600885145366192e-04
8.812755113467574120e-04
8.867266587913036346e-04
8.722426136955618858e-04
8.522705174982547760e-04
8.637920254841446877e-04
8.418103680014610291e-04
8.296072483062744141e-04
8.406983688473701477e-04
8.552451618015766144e-04
8.711877744644880295e-04
8.799565839581191540e-04
9.182239882647991180e-04
9.553895215503871441e-04
9.475037222728133202e-04
8.919995161704719067e-04
8.872135076671838760e-04
9.100336465053260326e-04
9.683264652267098427e-04
9.681886876933276653e-04
9.278579382225871086e-04
8.759088814258575439e-04
9.128543315455317497e-04
9.222802473232150078e-04
9.117658482864499092e-04
9.305674466304481030e-04
8.814757457002997398e-04
9.123894269578158855e-04
9.060095762833952904e-04
9.054723195731639862e-04
8.725402294658124447e-04
8.631187956780195236e-04
9.079549345187842846e-04
8.672047406435012817e-04
8.603322203271090984e-04
8.864509873092174530e-04
8.664049673825502396e-04
8.390424773097038269e-04
8.474171045236289501e-04
8.579402929171919823e-04
8.529647602699697018e-04
8.321836357936263084e-04
8.251881226897239685e-04
8.150725625455379486e-04
7.962840609252452850e-04
7.994885090738534927e-04
8.136510150507092476e-04
8.012321777641773224e-04
8.203084580600261688e-04
8.389255381189286709e-04
8.700760081410408020e-04
9.178711334243416786e-04
9.765946306288242340e-04
1.056812470778822899e-03
1.153056276962161064e-03
1.130379620008170605e-03
1.019915100187063217e-03
9.825041051954030991e-04
1.018454204313457012e-03
1.059654168784618378e-03
9.208670235238969326e-04
8.930817130021750927e-04
9.839604608714580536e-04
9.134390274994075298e-04
8.823737734928727150e-04
9.219087660312652588e-04
8.755088201723992825e-04
9.048058418557047844e-04
8.604993927292525768e-04
8.806393016129732132e-04
8.560302667319774628e-04
8.241626201197504997e-04
8.398898644372820854e-04
8.690627291798591614e-04
8.155421237461268902e-04
8.361132349818944931e-04
8.136021788232028484e-04
8.203187026083469391e-04
8.198805153369903564e-04
8.002768736332654953e-04
8.154832175932824612e-04
8.010761812329292297e-04
7.991559687070548534e-04
8.033290505409240723e-04
8.111486095003783703e-04
8.249193197116255760e-04
8.447589352726936340e-04
8.575168321840465069e-04
8.539475384168326855e-04
8.499287068843841553e-04
8.277634042315185070e-04
8.329347474500536919e-04
8.710637921467423439e-04
9.194888989441096783e-04
9.527120273560285568e-04
9.421415161341428757e-04
9.263938991352915764e-04
9.577366290614008904e-04
9.893624810501933098e-04
9.346322622150182724e-04
8.827969431877136230e-04
8.783304947428405285e-04
9.093005210161209106e-04
8.553626830689609051e-04
8.478946983814239502e-04
8.452073088847100735e-04
8.362286025658249855e-04
8.469532476738095284e-04
8.223440381698310375e-04
8.476976654492318630e-04
8.368740091100335121e-04
7.998821674846112728e-04
8.215541020035743713e-04
8.285433868877589703e-04
8.376195910386741161e-04
8.518220274709165096e-04
8.718218887224793434e-04
8.680291939526796341e-04
8.705327054485678673e-04
9.094080887734889984e-04
8.668149821460247040e-04
8.144406019710004330e-04
8.153506787493824959e-04
8.130410569719970226e-04
8.247938822023570538e-04
8.323980728164315224e-04
8.096082019619643688e-04
8.166828192770481110e-04
8.241461473517119884e-04
8.154857787303626537e-04
8.149884524755179882e-04
8.100420236587524414e-04
8.240988245233893394e-04
8.494007633998990059e-04
8.821382070891559124e-04
8.306879317387938499e-04
7.925794343464076519e-04
7.764548063278198242e-04
8.235393906943500042e-04
9.245919063687324524e-04
8.893705671653151512e-04
9.144812356680631638e-04
9.478250285610556602e-04
9.230293799191713333e-04
9.164206567220389843e-04
8.927431772463023663e-04
8.735919254831969738e-04
8.787917904555797577e-04
8.660135790705680847e-04
8.791710133664309978e-04
8.723445935174822807e-04
8.737659081816673279e-04
8.713967981748282909e-04
8.277291199192404747e-04
8.365008397959172726e-04
8.391920709982514381e-04
8.463453268632292747e-04
8.564147865399718285e-04
8.797982591204345226e-04
8.802657248452305794e-04
8.653132244944572449e-04
8.332435390911996365e-04
7.878197357058525085e-04
7.863974897190928459e-04
8.025693241506814957e-04
8.185929618775844574e-04
8.033755002543330193e-04
8.130081696435809135e-04
8.051076438277959824e-04
7.605114951729774475e-04
7.668347097933292389e-04
7.801523315720260143e-04
7.626957958564162254e-04
7.863081409595906734e-04
7.848850218579173088e-04
7.969469297677278519e-04
7.990997983142733574e-04
8.113767253234982491e-04
8.118950645439326763e-04
8.332726429216563702e-04
8.179069263860583305e-04
8.098647231236100197e-04
8.193572284653782845e-04
8.438489167019724846e-04
9.540030150674283504e-04
1.012045657262206078e-03
9.365227888338267803e-04
9.560760809108614922e-04
1.005089143291115761e-03
1.089770696125924587e-03
9.179905755445361137e-04
1.006395323202013969e-03
1.005453988909721375e-03
9.139594621956348419e-04
9.620356140658259392e-04
9.859348647296428680e-04
9.275799384340643883e-04
8.979815756902098656e-04
9.335847571492195129e-04
8.848427096381783485e-04
8.982901345007121563e-04
8.920159889385104179e-04
8.531412458978593349e-04
8.539923001080751419e-04
8.273581042885780334e-04
8.109706686809659004e-04
8.083264692686498165e-04
8.186248596757650375e-04
8.241156465373933315e-04
8.083048742264509201e-04
8.377874619327485561e-04
8.232699474319815636e-04
8.323981310240924358e-04
7.994825718924403191e-04
7.930035935714840889e-04
7.850243127904832363e-04
7.755020633339881897e-04
7.731652585789561272e-04
7.901514181867241859e-04
7.681741262786090374e-04
7.530562579631805420e-04
7.533807656727731228e-04
7.501125801354646683e-04
7.311368826776742935e-04
7.485560490749776363e-04
7.502578664571046829e-04
7.600517710670828819e-04
7.774028345011174679e-04
8.195870323106646538e-04
8.752561989240348339e-04
9.222560911439359188e-04
8.852793835103511810e-04
8.312886347994208336e-04
7.871881825849413872e-04
8.185949991457164288e-04
8.289630059152841568e-04
7.932092412374913692e-04
7.840167963877320290e-04
7.931205327622592449e-04
7.802468608133494854e-04
7.804076885804533958e-04
7.982518291100859642e-04
8.048199815675616264e-04
7.942208903841674328e-04
8.008484728634357452e-04
7.580484962090849876e-04
7.658180547878146172e-04
7.954318425618112087e-04
7.523149251937866211e-04
7.526084082201123238e-04
7.709604687988758087e-04
7.281238213181495667e-04
7.404626812785863876e-04
7.578587974421679974e-04
7.317675044760107994e-04
7.295068353414535522e-04
7.491970318369567394e-04
7.264098967425525188e-04
7.338893483392894268e-04
7.545558619312942028e-04
7.531212177127599716e-04
7.847649394534528255e-04
8.351006545126438141e-04
8.548242039978504181e-04
9.369886247441172600e-04
1.065733842551708221e-03
1.068047946318984032e-03
1.039108727127313614e-03
9.042288875207304955e-04
8.696065051481127739e-04
1.026948681101202965e-03
9.224348468706011772e-04
9.129758691415190697e-04
9.012400405481457710e-04
8.985445601865649223e-04
8.837551577016711235e-04
8.715301519259810448e-04
8.563380688428878784e-04
8.128390181809663773e-04
8.058584062382578850e-04
7.961294031701982021e-04
7.867342210374772549e-04
7.805263157933950424e-04
7.758978754281997681e-04
7.823753985576331615e-04
7.851984119042754173e-04
8.038689848035573959e-04
7.970120059326291084e-04
7.977164350450038910e-04
7.999008521437644958e-04
7.763273897580802441e-04
7.432542624883353710e-04
7.239092374220490456e-04
7.193019846454262733e-04
7.189746829681098461e-04
7.172877667471766472e-04
7.301132427528500557e-04
7.303648162633180618e-04
7.310197688639163971e-04
7.218263926915824413e-04
7.110325386747717857e-04
7.127807475626468658e-04
7.390930550172924995e-04
7.937974296510219574e-04
9.008508641272783279e-04
8.969277841970324516e-04
8.254250278696417809e-04
7.880193879827857018e-04
8.048518793657422066e-04
8.288490353152155876e-04
7.637594244442880154e-04
7.657767273485660553e-04
7.738239946775138378e-04
7.222136482596397400e-04
7.196080405265092850e-04
7.381382747553288937e-04
7.395340944640338421e-04
7.309519569389522076e-04
7.343734614551067352e-04
7.666158489882946014e-04
8.202287717722356319e-04
8.612707606516778469e-04
9.330714819952845573e-04
9.100096067413687706e-04
8.408959256485104561e-04
8.552367798984050751e-04
8.896742365323007107e-04
9.536929428577423096e-04
9.831878123804926872e-04
9.154464933089911938e-04
8.519630646333098412e-04
8.567374898120760918e-04
8.065258152782917023e-04
8.296235464513301849e-04
8.430187590420246124e-04
7.831885013729333878e-04
7.766443304717540741e-04
8.028851589187979698e-04
7.759295403957366943e-04
7.835087599232792854e-04
8.063717978075146675e-04
7.863244391046464443e-04
7.773392717353999615e-04
7.680681301280856133e-04
7.204506546258926392e-04
7.362008909694850445e-04
7.356789428740739822e-04
7.320186123251914978e-04
7.325107580982148647e-04
7.282131118699908257e-04
7.279883138835430145e-04
7.172770565375685692e-04
7.205613655969500542e-04
7.054691086523234844e-04
7.115722983144223690e-04
7.209217874333262444e-04
7.370816310867667198e-04
7.533277384936809540e-04
7.762283785268664360e-04
7.984902476891875267e-04
7.933621527627110481e-04
7.900960627011954784e-04
7.720998255535960197e-04
7.350713713094592094e-04
7.694704690948128700e-04
8.087417809292674065e-04
8.083049906417727470e-04
7.665205630473792553e-04
7.259600679390132427e-04
7.128512952476739883e-04
7.477756589651107788e-04
7.652915082871913910e-04
7.366256322711706161e-04
7.524843094870448112e-04
7.664263248443603516e-04
7.506932015530765057e-04
7.628401508554816246e-04
7.745786570012569427e-04
7.917451439425349236e-04
8.094820077531039715e-04
7.580171222798526287e-04
7.331795059144496918e-04
7.453277939930558205e-04
7.451344281435012817e-04
7.286145118996500969e-04
7.010732661001384258e-04
7.033978472463786602e-04
7.273562951013445854e-04
7.017843308858573437e-04
6.945566274225711823e-04
7.264494197443127632e-04
7.086910773068666458e-04
7.080018403939902782e-04
7.313881069421768188e-04
7.429355755448341370e-04
7.738857530057430267e-04
7.743620662949979305e-04
7.555194897577166557e-04
7.256797980517148972e-04
7.261361461132764816e-04
7.424435461871325970e-04
7.577955257147550583e-04
8.050081087276339531e-04
8.412023307755589485e-04
7.889094995334744453e-04
7.369107333943247795e-04
7.388575468212366104e-04
7.563479593954980373e-04
7.965075783431529999e-04
8.430563611909747124e-04
8.843072573654353619e-04
8.564127492718398571e-04
8.218911243602633476e-04
7.913233712315559387e-04
7.962363306432962418e-04
8.125980384647846222e-04
7.661398267373442650e-04
7.952522719278931618e-04
7.501241634599864483e-04
7.495287572965025902e-04
7.731103105470538139e-04
7.592769106850028038e-04
7.130629383027553558e-04
7.294618990272283554e-04
7.322097080759704113e-04
7.362308679148554802e-04
7.196798687800765038e-04
7.048436673358082771e-04
7.120097870938479900e-04
7.290401845239102840e-04
7.293662056326866150e-04
7.230608025565743446e-04
7.163334521465003490e-04
7.065706304274499416e-04
7.150593446567654610e-04
7.074543973430991173e-04
6.933274562470614910e-04
6.885393522679805756e-04
6.969887763261795044e-04
6.990047404542565346e-04
