0.000000000000000000e+00
1.014108490198850632e-02
3.358996286988258362e-02
1.331520825624465942e-02
1.258596312254667282e-02
7.450941950082778931e-03
7.858030498027801514e-03
7.608609274029731750e-03
6.732578389346599579e-03
6.207056343555450439e-03
6.064641289412975311e-03
5.712448619306087494e-03
5.337854847311973572e-03
5.340585019439458847e-03
5.225248634815216064e-03
4.943806212395429611e-03
4.854111932218074799e-03
4.760722629725933075e-03
4.579904023557901382e-03
4.444194026291370392e-03
4.338470753282308578e-03
4.300179891288280487e-03
4.289644770324230194e-03
4.245386458933353424e-03
4.169451072812080383e-03
4.090550821274518967e-03
4.039179999381303787e-03
3.985553514212369919e-03
3.919322974979877472e-03
3.867748659104108810e-03
3.845361992716789246e-03
3.808136098086833954e-03
3.773045493289828300e-03
3.743298351764678955e-03
3.688481636345386505e-03
3.647718578577041626e-03
3.621760522946715355e-03
3.578563686460256577e-03
3.537260694429278374e-03
3.530480433255434036e-03
3.512016497552394867e-03
3.471622942015528679e-03
3.440396860241889954e-03
3.411163575947284698e-03
3.387431381270289421e-03
3.364865202456712723e-03
3.334073815494775772e-03
3.313543274998664856e-03
3.289259504526853561e-03
3.258825745433568954e-03
3.237100318074226379e-03
3.213005140423774719e-03
3.190193325281143188e-03
3.169314470142126083e-03
3.147505689412355423e-03
3.125632647424936295e-03
3.101283684372901917e-03
3.081377595663070679e-03
3.060134826228022575e-03
3.041304647922515869e-03
3.028495237231254578e-03
3.037728834897279739e-03
3.086534095928072929e-03
3.079674206674098969e-03
2.962039317935705185e-03
2.944883890450000763e-03
2.991257933899760246e-03
2.920437604188919067e-03
2.874779514968395233e-03
2.900525927543640137e-03
2.865804359316825867e-03
2.817603526636958122e-03
2.839924767613410950e-03
2.840430242940783501e-03
2.777173882350325584e-03
2.759293187409639359e-03
2.775908913463354111e-03
2.745042555034160614e-03
2.703979611396789551e-03
2.691907575353980064e-03
2.701118588447570801e-03
2.702850848436355591e-03
2.680487697944045067e-03
2.662178594619035721e-03
2.620986429974436760e-03
2.594539429992437363e-03
2.581167733296751976e-03
2.576214261353015900e-03
2.591462573036551476e-03
2.649090718477964401e-03
2.808516379445791245e-03
2.730045933276414871e-03
2.554318401962518692e-03
2.598091028630733490e-03
2.671877620741724968e-03
2.516124164685606956e-03
2.554200822487473488e-03
2.555264625698328018e-03
2.463200595229864120e-03
2.546252449974417686e-03
2.473285887390375137e-03
2.460026182234287262e-03
2.500606467947363853e-03
2.468246733769774437e-03
2.589676761999726295e-03
2.426982857286930084e-03
2.408797619864344597e-03
2.459374256432056427e-03
2.391879912465810776e-03
2.362062223255634308e-03
2.355117350816726685e-03
2.356893150135874748e-03
2.346735214814543724e-03
2.302777022123336792e-03
2.317162463441491127e-03
2.328811679035425186e-03
2.384245395660400391e-03
2.477396279573440552e-03
2.577929291874170303e-03
2.435133326798677444e-03
2.442549681290984154e-03
2.415057504549622536e-03
2.382727339863777161e-03
2.472706371918320656e-03
2.320593222975730896e-03
2.429744694381952286e-03
2.442301250994205475e-03
2.330826129764318466e-03
2.458729082718491554e-03
2.282538916915655136e-03
2.350533148273825645e-03
2.240885980427265167e-03
2.322282176464796066e-03
2.254400867968797684e-03
2.257936168462038040e-03
2.214681822806596756e-03
2.228133380413055420e-03
2.192714018747210503e-03
2.204917371273040771e-03
2.159014809876680374e-03
2.177798654884099960e-03
2.169069601222872734e-03
2.220497932285070419e-03
2.260206034407019615e-03
2.315975492820143700e-03
2.216656925156712532e-03
2.114873379468917847e-03
2.152047585695981979e-03
2.162841614335775375e-03
2.206502947956323624e-03
2.102302387356758118e-03
2.108714310452342033e-03
2.151765394955873489e-03
2.091493923217058182e-03
2.062686486169695854e-03
2.077350160107016563e-03
2.078412566334009171e-03
2.057997509837150574e-03
2.024424262344837189e-03
2.027119975537061691e-03
2.024837303906679153e-03
2.011392032727599144e-03
2.015302190557122231e-03
2.001313958317041397e-03
1.977477222681045532e-03
1.987987896427512169e-03
2.031500684097409248e-03
2.142549492418766022e-03
2.518258988857269287e-03
2.235111780464649200e-03
2.256132196635007858e-03
2.310329815372824669e-03
2.071826718747615814e-03
2.314919140189886093e-03
2.080048667266964912e-03
2.157148439437150955e-03
2.062722109258174896e-03
2.142989542335271835e-03
2.094609662890434265e-03
2.066386397927999496e-03
2.029133029282093048e-03
2.022183965891599655e-03
2.018506173044443130e-03
2.006392925977706909e-03
1.994154416024684906e-03
1.976129133254289627e-03
1.963389338925480843e-03
1.961971633136272430e-03
1.933595631271600723e-03
1.968509517610073090e-03
1.951233367435634136e-03
1.990424934774637222e-03
1.964627765119075775e-03
1.985605806112289429e-03
1.914052641950547695e-03
1.887863269075751305e-03
1.870352542027831078e-03
1.891868538223206997e-03
1.919292146340012550e-03
1.899813534691929817e-03
1.868532970547676086e-03
1.821732847020030022e-03
1.835548668168485165e-03
1.849080785177648067e-03
1.855863025411963463e-03
1.880310475826263428e-03
1.848059473559260368e-03
1.812300411984324455e-03
1.799861318431794643e-03
1.787002081982791424e-03
1.781497849151492119e-03
1.797107281163334846e-03
1.827868050895631313e-03
1.868040068075060844e-03
1.988283824175596237e-03
1.945560798048973083e-03
1.865374273620545864e-03
1.825329265557229519e-03
1.890063751488924026e-03
1.878758659586310387e-03
1.813365146517753601e-03
1.857229508459568024e-03
1.904399599879980087e-03
1.844213111326098442e-03
1.788043417036533356e-03
1.829946180805563927e-03
1.775798387825489044e-03
1.767251524142920971e-03
1.808370696380734444e-03
1.740771811455488205e-03
1.759717939421534538e-03
1.829432556405663490e-03
1.790470792911946774e-03
1.895969267934560776e-03
1.891805557534098625e-03
1.762373372912406921e-03
1.769136637449264526e-03
1.755753066390752792e-03
1.788337016478180885e-03
1.759112579748034477e-03
1.701999804936349392e-03
1.756205921992659569e-03
1.705519272945821285e-03
1.715541817247867584e-03
1.712068682536482811e-03
1.664568553678691387e-03
1.694455510005354881e-03
1.671030186116695404e-03
1.683259732089936733e-03
1.678844681009650230e-03
1.665559015236794949e-03
1.727898372337222099e-03
1.781322527676820755e-03
1.814485527575016022e-03
1.876535709016025066e-03
1.682611182332038879e-03
1.776115503162145615e-03
1.815094146877527237e-03
1.691689714789390564e-03
1.759666018187999725e-03
1.744380453601479530e-03
1.649610232561826706e-03
1.693693920969963074e-03
1.676778076216578484e-03
1.632801024243235588e-03
1.671063480898737907e-03
1.622591982595622540e-03
1.616306952200829983e-03
1.621318049728870392e-03
1.592384418472647667e-03
1.604512566700577736e-03
1.606429228559136391e-03
1.596118090674281120e-03
1.634451909922063351e-03
1.660766080021858215e-03
1.738191349431872368e-03
1.866834703832864761e-03
1.761964056640863419e-03
1.661479356698691845e-03
1.790251582860946655e-03
1.717529259622097015e-03
1.633795443922281265e-03
1.682594651356339455e-03
1.605466706678271294e-03
1.631781226024031639e-03
1.603148295544087887e-03
1.585868420079350471e-03
1.617168541997671127e-03
1.569383777678012848e-03
1.575526548549532890e-03
1.562847755849361420e-03
1.551202381961047649e-03
1.554098911583423615e-03
1.573106623254716396e-03
1.582096330821514130e-03
1.626209123060107231e-03
1.646329415962100029e-03
1.622552983462810516e-03
1.577288145199418068e-03
1.581896445713937283e-03
1.524046296253800392e-03
1.540092285722494125e-03
1.604701741598546505e-03
1.537631032988429070e-03
1.527516869828104973e-03
1.533475704491138458e-03
1.494115218520164490e-03
1.517273019999265671e-03
1.520262099802494049e-03
1.500079408288002014e-03
1.514511881396174431e-03
1.531339134089648724e-03
1.476997276768088341e-03
1.470753690227866173e-03
1.489993184804916382e-03
1.456897589378058910e-03
1.471438910812139511e-03
1.533568836748600006e-03
1.567461295053362846e-03
1.682085916399955750e-03
1.547006424516439438e-03
1.545593142509460449e-03
1.571539789438247681e-03
1.534760696813464165e-03
1.517138443887233734e-03
1.529123517684638500e-03
1.510820700787007809e-03
1.507390290498733521e-03
1.499490230344235897e-03
1.479316502809524536e-03
1.476265722885727882e-03
1.515022828243672848e-03
1.484619453549385071e-03
1.582212164066731930e-03
1.684701535850763321e-03
1.909739337861537933e-03
1.619199640117585659e-03
1.584829064086079597e-03
1.652988605201244354e-03
1.546307466924190521e-03
1.579176518134772778e-03
1.516463467851281166e-03
1.531673362478613853e-03
1.505066058598458767e-03
1.509731053374707699e-03
1.469387207180261612e-03
1.458814251236617565e-03
1.462189015001058578e-03
1.439758343622088432e-03
1.432254794053733349e-03
1.422103028744459152e-03
1.421216293238103390e-03
1.416799030266702175e-03
1.396216335706412792e-03
1.394488150253891945e-03
1.374886371195316315e-03
1.397990388795733452e-03
1.410418539308011532e-03
1.419036067090928555e-03
1.444810768589377403e-03
1.456871861591935158e-03
1.439346699044108391e-03
1.472163363359868526e-03
1.544822938740253448e-03
1.606376841664314270e-03
1.423860318027436733e-03
1.483807340264320374e-03
1.524071092717349529e-03
1.449280185624957085e-03
1.495006959885358810e-03
1.415724633261561394e-03
1.448834780603647232e-03
1.413093879818916321e-03
1.411178964190185070e-03
1.373243285343050957e-03
1.377467298880219460e-03
1.347234356217086315e-03
1.375811873003840446e-03
1.368538010865449905e-03
1.354406005702912807e-03
1.330394996330142021e-03
1.339267008006572723e-03
1.326788100413978100e-03
1.374935498461127281e-03
1.537863863632082939e-03
1.601655851118266582e-03
1.460539875552058220e-03
1.480000908486545086e-03
1.481820247136056423e-03
1.431676326319575310e-03
1.425030990503728390e-03
1.418758532963693142e-03
1.397087704390287399e-03
1.386167365126311779e-03
1.388090895488858223e-03
1.329002203419804573e-03
1.352137420326471329e-03
1.346439355984330177e-03
1.341110444627702236e-03
1.330238184891641140e-03
1.328863902017474174e-03
1.297347946092486382e-03
1.288206083700060844e-03
1.270031323656439781e-03
1.296223490498960018e-03
1.314943656325340271e-03
1.340485527180135250e-03
1.390235498547554016e-03
1.401134300976991653e-03
1.392606412991881371e-03
1.333858235739171505e-03
1.283603021875023842e-03
1.374740968458354473e-03
1.421400345861911774e-03
1.331841922365128994e-03
1.283596851862967014e-03
1.331043429672718048e-03
1.336054876446723938e-03
1.303920987993478775e-03
1.321899704635143280e-03
1.293175388127565384e-03
1.294878078624606133e-03
1.328577636741101742e-03
1.266755163669586182e-03
1.314490102231502533e-03
1.325279241427779198e-03
1.296769012697041035e-03
1.307992963120341301e-03
1.337886555120348930e-03
1.324387034401297569e-03
1.296684611588716507e-03
1.276048482395708561e-03
1.246253843419253826e-03
1.269859611056745052e-03
1.260608434677124023e-03
1.257923198863863945e-03
1.293616951443254948e-03
1.249594148248434067e-03
1.295678317546844482e-03
1.269843778572976589e-03
1.240458223037421703e-03
1.232004724442958832e-03
1.270932029001414776e-03
1.262229168787598610e-03
1.314411871135234833e-03
1.294360845349729061e-03
1.321529736742377281e-03
1.257405267097055912e-03
1.272867433726787567e-03
1.279564807191491127e-03
1.228462322615087032e-03
1.245778403244912624e-03
1.257567550055682659e-03
1.272580237127840519e-03
1.250896486453711987e-03
1.229009125381708145e-03
1.252496731467545033e-03
1.207702560350298882e-03
1.217899611219763756e-03
1.226120512001216412e-03
1.251114765182137489e-03
1.307917758822441101e-03
1.382239977829158306e-03
1.393289538100361824e-03
1.299706520512700081e-03
1.265180180780589581e-03
1.307367696426808834e-03
1.365598058328032494e-03
1.278741750866174698e-03
1.283123274333775043e-03
1.295728608965873718e-03
1.242309808731079102e-03
1.233507413417100906e-03
1.254301168955862522e-03
1.204026280902326107e-03
1.199111575260758400e-03
1.184310298413038254e-03
1.205522334203124046e-03
1.178153557702898979e-03
1.164544606581330299e-03
1.159051898866891861e-03
1.147953327745199203e-03
1.164827262982726097e-03
1.134214689955115318e-03
1.137484912760555744e-03
1.135883387178182602e-03
1.137263840064406395e-03
1.150218304246664047e-03
1.165860565379261971e-03
1.181736704893410206e-03
1.201879233121871948e-03
1.226490596309304237e-03
1.236295211128890514e-03
1.296701258979737759e-03
1.224895240738987923e-03
1.253761118277907372e-03
1.253985101357102394e-03
1.227707136422395706e-03
1.247585518285632133e-03
1.218641409650444984e-03
1.186841167509555817e-03
1.196224242448806763e-03
1.250887173227965832e-03
1.180392224341630936e-03
1.197982113808393478e-03
1.167759066447615623e-03
1.164398505352437496e-03
1.175408251583576202e-03
1.179963117465376854e-03
1.171520212665200233e-03
1.182109932415187359e-03
1.184780965559184551e-03
1.148332376033067703e-03
1.166712492704391479e-03
1.135776285082101822e-03
1.134553225710988045e-03
1.122796675190329552e-03
1.111106015741825104e-03
1.128688454627990723e-03
1.117296400479972363e-03
1.127628143876791000e-03
1.132967416197061539e-03
1.134097576141357422e-03
1.123102847486734390e-03
1.104432507418096066e-03
1.130429911427199841e-03
1.196205499581992626e-03
1.221797196194529533e-03
1.142047811299562454e-03
1.128757838159799576e-03
1.185238361358642578e-03
1.152125652879476547e-03
1.100116642192006111e-03
1.123705180361866951e-03
1.131835975684225559e-03
1.093291095457971096e-03
1.116472063586115837e-03
1.091803191229701042e-03
1.052765292115509510e-03
1.086783828213810921e-03
1.075241249054670334e-03
1.096286810934543610e-03
1.056150766089558601e-03
1.102434704080224037e-03
1.073795254342257977e-03
1.065181335434317589e-03
1.075861509889364243e-03
1.098441774956882000e-03
1.094346866011619568e-03
1.166151370853185654e-03
1.352233230136334896e-03
1.474282122217118740e-03
1.290087820962071419e-03
1.194286509416997433e-03
1.233687624335289001e-03
1.251326873898506165e-03
1.177510945126414299e-03
1.141700427979230881e-03
1.162761822342872620e-03
1.145043643191456795e-03
1.103233778849244118e-03
1.122492365539073944e-03
1.112890196964144707e-03
1.090367208234965801e-03
1.090917037799954414e-03
1.070135389454662800e-03
1.069696620106697083e-03
1.060641254298388958e-03
1.052075880579650402e-03
1.056539127603173256e-03
1.047817524522542953e-03
1.058270456269383430e-03
1.044370699673891068e-03
1.029268372803926468e-03
1.026703743264079094e-03
1.028073951601982117e-03
1.031433581374585629e-03
1.008704537525773048e-03
1.010478008538484573e-03
1.020929892547428608e-03
1.037128735333681107e-03
1.085170777514576912e-03
1.074938103556632996e-03
1.051596365869045258e-03
1.037271576933562756e-03
1.076901447959244251e-03
1.083466224372386932e-03
1.081457128748297691e-03
1.114592887461185455e-03
1.120537635870277882e-03
1.064928364939987659e-03
1.077934051863849163e-03
1.059975475072860718e-03
1.063498202711343765e-03
1.049651065841317177e-03
1.027834368869662285e-03
1.044619013555347919e-03
1.042019110172986984e-03
1.008188351988792419e-03
1.017301809042692184e-03
1.008583465591073036e-03
1.016231370158493519e-03
9.823156287893652916e-04
9.930504020303487778e-04
9.724942501634359360e-04
9.726723073981702328e-04
9.698248468339443207e-04
9.704380063340067863e-04
9.763450361788272858e-04
9.820160921663045883e-04
1.032524509355425835e-03
1.055052969604730606e-03
1.083890907466411591e-03
1.055480213835835457e-03
1.012796536087989807e-03
1.028559170663356781e-03
1.075903186574578285e-03
1.082964474335312843e-03
9.919181466102600098e-04
1.073147286660969257e-03
1.094311941415071487e-03
1.041531329974532127e-03
1.069559133611619473e-03
1.064699026755988598e-03
1.015681074932217598e-03
1.017086557112634182e-03
9.898364078253507614e-04
9.909779764711856842e-04
9.747002040967345238e-04
1.003258861601352692e-03
9.940266609191894531e-04
9.787390008568763733e-04
9.869656059890985489e-04
9.870488429442048073e-04
1.006775302812457085e-03
1.029207604005932808e-03
1.052598119713366032e-03
1.106278272345662117e-03
1.062130555510520935e-03
1.024740166030824184e-03
1.035287976264953613e-03
1.040656701661646366e-03
1.046662218868732452e-03
9.955563582479953766e-04
1.017595874145627022e-03
1.025682548061013222e-03
9.786433074623346329e-04
9.727412834763526917e-04
9.772054618224501610e-04
9.622190846130251884e-04
9.650014108046889305e-04
9.508809307590126991e-04
9.523597545921802521e-04
9.256782359443604946e-04
9.546376531943678856e-04
9.484760812483727932e-04
9.360536932945251465e-04
9.470881777815520763e-04
9.513002587482333183e-04
9.742608526721596718e-04
9.685730328783392906e-04
9.739051456563174725e-04
1.003945944830775261e-03
9.956858120858669281e-04
9.853254305198788643e-04
1.000747084617614746e-03
9.802941931411623955e-04
9.771754266694188118e-04
9.975986322388052940e-04
1.036927336826920509e-03
9.647113038226962090e-04
1.010541338473558426e-03
1.022104173898696899e-03
1.038488349877297878e-03
9.932073298841714859e-04
9.606119128875434399e-04
9.675044566392898560e-04
9.393863147124648094e-04
9.609422995708882809e-04
9.386203018948435783e-04
9.474038961343467236e-04
9.362687123939394951e-04
9.373737266287207603e-04
9.387427708134055138e-04
9.380091214552521706e-04
9.302622638642787933e-04
9.478403953835368156e-04
9.625285747461020947e-04
9.660994401201605797e-04
9.510860545560717583e-04
9.667810518294572830e-04
9.685551049187779427e-04
9.453597012907266617e-04
9.274153853766620159e-04
9.328238666057586670e-04
9.038324351422488689e-04
9.132573613896965981e-04
9.175608865916728973e-04
8.988734334707260132e-04
8.955278317444026470e-04
9.211944416165351868e-04
9.791620541363954544e-04
1.045441487804055214e-03
1.124061062000691891e-03
1.018602866679430008e-03
9.679109207354485989e-04
9.618631447665393353e-04
9.515031124465167522e-04
9.417153778485953808e-04
9.596892632544040680e-04
9.322447585873305798e-04
9.317473741248250008e-04
9.230688447132706642e-04
9.309185552410781384e-04
9.123838390223681927e-04
8.974415250122547150e-04
9.157989989034831524e-04
9.280421654693782330e-04
8.956439560279250145e-04
9.296656353399157524e-04
9.021415608003735542e-04
8.860302041284739971e-04
8.871047175489366055e-04
8.636498241685330868e-04
8.613355457782745361e-04
8.747692918404936790e-04
8.554747328162193298e-04
8.721000049263238907e-04
9.189470438286662102e-04
1.007381011731922626e-03
1.142781926319003105e-03
1.159727573394775391e-03
1.053442712873220444e-03
1.028839033097028732e-03
9.927318897098302841e-04
1.028973725624382496e-03
1.007898012176156044e-03
9.637568145990371704e-04
9.999498724937438965e-04
9.653200395405292511e-04
9.728802251629531384e-04
9.573234128765761852e-04
9.248118731193244457e-04
9.264606051146984100e-04
9.059691801667213440e-04
8.994438685476779938e-04
8.897540974430739880e-04
8.671760442666709423e-04
8.762235520407557487e-04
8.625319460406899452e-04
8.546602912247180939e-04
8.483589626848697662e-04
8.433365146629512310e-04
8.366159163415431976e-04
8.347569964826107025e-04
8.351071737706661224e-04
8.409798028878867626e-04
8.712068083696067333e-04
9.681632509455084801e-04
1.140393782407045364e-03
1.185393426567316055e-03
1.011992804706096649e-03
9.432215010747313499e-04
9.999172762036323547e-04
9.668616112321615219e-04
9.472983656451106071e-04
9.599913610145449638e-04
9.071518434211611748e-04
9.071941021829843521e-04
9.120531613007187843e-04
8.732659625820815563e-04
8.813510066829621792e-04
8.865829440765082836e-04
8.471220498904585838e-04
8.582985028624534607e-04
8.528368780389428139e-04
8.435921627096831799e-04
8.387689013034105301e-04
8.316923631355166435e-04
8.410149603150784969e-04
8.444843115285038948e-04
8.198692230507731438e-04
8.207380305975675583e-04
8.295602165162563324e-04
8.140676072798669338e-04
8.099073311313986778e-04
8.207765640690922737e-04
8.127882611006498337e-04
8.141399594023823738e-04
8.219440933316946030e-04
8.446810534223914146e-04
8.780101197771728039e-04
8.805146790109574795e-04
8.788700215518474579e-04
8.424717816524207592e-04
8.664324413985013962e-04
9.091963875107467175e-04
8.764816448092460632e-04
8.310884586535394192e-04
8.266621152870357037e-04
8.423111285082995892e-04
8.171870140358805656e-04
8.082875865511596203e-04
8.344824309460818768e-04
8.471988840028643608e-04
8.585869218222796917e-04
8.983457810245454311e-04
9.596077725291252136e-04
9.638724732212722301e-04
8.785342215560376644e-04
8.700628532096743584e-04
8.758026524446904659e-04
8.759158081375062466e-04
8.319512708112597466e-04
8.333683945238590240e-04
8.369434508495032787e-04
7.971848244778811932e-04
8.188054780475795269e-04
8.324751397594809532e-04
8.134825038723647594e-04
8.168264175765216351e-04
8.077024249359965324e-04
8.071806514635682106e-04
7.865660591050982475e-04
7.849004468880593777e-04
7.934027235023677349e-04
7.955924374982714653e-04
8.217497961595654488e-04
8.654852281324565411e-04
9.347663726657629013e-04
8.606776827946305275e-04
8.623538305982947350e-04
8.562180446460843086e-04
8.195547270588576794e-04
8.218596922233700752e-04
8.485655998811125755e-04
7.940778741613030434e-04
8.031569304876029491e-04
8.191470406018197536e-04
7.888364489190280437e-04
8.082054555416107178e-04
7.973489700816571712e-04
7.793348049744963646e-04
8.204883779399096966e-04
8.325556991621851921e-04
8.402164094150066376e-04
8.938084356486797333e-04
8.606044575572013855e-04
8.553522638976573944e-04
8.554159430786967278e-04
8.353780722245573997e-04
8.367811096832156181e-04
7.877625757828354836e-04
8.267985540442168713e-04
8.279030444100499153e-04
7.702223374508321285e-04
8.178369025699794292e-04
8.217518916353583336e-04
7.917403127066791058e-04
7.905533420853316784e-04
7.955011678859591484e-04
7.969070575200021267e-04
7.691524806432425976e-04
7.912574219517409801e-04
7.881002966314554214e-04
7.781008607707917690e-04
7.936788606457412243e-04
7.881000638008117676e-04
7.883986691012978554e-04
7.912136497907340527e-04
8.093570359051227570e-04
8.040332468226552010e-04
7.931002182886004448e-04
7.931239670142531395e-04
