0.000000000000000000e+00
7.268529385328292847e-03
7.061741780489683151e-03
7.534598931670188904e-03
5.448277574032545090e-03
5.504846572875976562e-03
4.372267983853816986e-03
4.364545922726392746e-03
4.417885094881057739e-03
3.946368116885423660e-03
3.706211689859628677e-03
3.730957861989736557e-03
3.600797615945339203e-03
3.448049537837505341e-03
3.436869708821177483e-03
3.391928970813751221e-03
3.244113875553011894e-03
3.164151683449745178e-03
3.143286099657416344e-03
3.057351335883140564e-03
2.967081964015960693e-03
2.930771093815565109e-03
2.894688164815306664e-03
2.844886621460318565e-03
2.804140094667673111e-03
2.755202353000640869e-03
2.706974279135465622e-03
2.681197598576545715e-03
2.645245753228664398e-03
2.600799081847071648e-03
2.575351390987634659e-03
2.545919967815279961e-03
2.508174162358045578e-03
2.482192590832710266e-03
2.452653599902987480e-03
2.416702220216393471e-03
2.393230563029646873e-03
2.371175913140177727e-03
2.338689984753727913e-03
2.309790812432765961e-03
2.289032097905874252e-03
2.264724113047122955e-03
2.239279448986053467e-03
2.217264147475361824e-03
2.192836720496416092e-03
2.167819999158382416e-03
2.146007493138313293e-03
2.123339567333459854e-03
2.100835554301738739e-03
2.078833058476448059e-03
2.058257814496755600e-03
2.036963123828172684e-03
2.015738748013973236e-03
1.996330451220273972e-03
1.972712343558669090e-03
1.953325700014829636e-03
1.933461055159568787e-03
1.913789077661931515e-03
1.895404770039021969e-03
1.875917194411158562e-03
1.857463503256440163e-03
1.839426229707896709e-03
1.821576850488781929e-03
1.804931089282035828e-03
1.788018271327018738e-03
1.770262373611330986e-03
1.754532102495431900e-03
1.737739308737218380e-03
1.722185639664530754e-03
1.706480979919433594e-03
1.691255951300263405e-03
1.676487736403942108e-03
1.661826274357736111e-03
1.647141180001199245e-03
1.632844912819564342e-03
1.618761336430907249e-03
1.604848774150013924e-03
1.591085805557668209e-03
1.577577553689479828e-03
1.564277801662683487e-03
1.550963148474693298e-03
1.538055366836488247e-03
1.524914056062698364e-03
1.512375660240650177e-03
1.500072656199336052e-03
1.488042995333671570e-03
1.476338598877191544e-03
1.464663771912455559e-03
1.453310484066605568e-03
1.442556735128164291e-03
1.433262135833501816e-03
1.431254902854561806e-03
1.453937846235930920e-03
1.510868547484278679e-03
1.457381993532180786e-03
1.402640133164823055e-03
1.426841481588780880e-03
1.406422234140336514e-03
1.380085363052785397e-03
1.374695915728807449e-03
1.370122074149549007e-03
1.350988633930683136e-03
1.339387381449341774e-03
1.330475672148168087e-03
1.323966076597571373e-03
1.307622878812253475e-03
1.300514093600213528e-03
1.293351408094167709e-03
1.281361561268568039e-03
1.272883033379912376e-03
1.263475394807755947e-03
1.256800955161452293e-03
1.250833738595247269e-03
1.240021316334605217e-03
1.229730783961713314e-03
1.224862295202910900e-03
1.215449068695306778e-03
1.209114445373415947e-03
1.203249092213809490e-03
1.197222387418150902e-03
1.192596391774713993e-03
1.197102945297956467e-03
1.217832672409713268e-03
1.269508386030793190e-03
1.257198280654847622e-03
1.207819092087447643e-03
1.180713530629873276e-03
1.191417919471859932e-03
1.194994663819670677e-03
1.166215166449546814e-03
1.144153415225446224e-03
1.162770204246044159e-03
1.156160607933998108e-03
1.126385177485644817e-03
1.133270096033811569e-03
1.132202334702014923e-03
1.114345155656337738e-03
1.106025883927941322e-03
1.101330621168017387e-03
1.091920654289424419e-03
1.093129860237240791e-03
1.081556663848459721e-03
1.075595966540277004e-03
1.085006864741444588e-03
1.109935808926820755e-03
1.137783750891685486e-03
1.105159055441617966e-03
1.108768163248896599e-03
1.103372313082218170e-03
1.078382018022239208e-03
1.084564486518502235e-03
1.061866059899330139e-03
1.058390596881508827e-03
1.070855534635484219e-03
1.040620030835270882e-03
1.037906738929450512e-03
1.040264847688376904e-03
1.019388670101761818e-03
1.021245494484901428e-03
1.017450354993343353e-03
1.006055739708244801e-03
1.003811834380030632e-03
1.001305412501096725e-03
1.001392956823110580e-03
1.007544226013123989e-03
1.008273451589047909e-03
1.013132277876138687e-03
1.034796703606843948e-03
1.032600412145256996e-03
1.002087257802486420e-03
9.728671866469085217e-04
9.620366618037223816e-04
9.773779893293976784e-04
9.822032880038022995e-04
9.694689651951193810e-04
9.597897296771407127e-04
9.548460366204380989e-04
9.541579056531190872e-04
9.496740531176328659e-04
9.427532786503434181e-04
9.310693712905049324e-04
9.260899387300014496e-04
9.274054318666458130e-04
9.270152077078819275e-04
9.196202154271304607e-04
9.099019225686788559e-04
9.139928733929991722e-04
9.260568767786026001e-04
9.422848816029727459e-04
9.778030216693878174e-04
9.739642264321446419e-04
9.459985885769128799e-04
9.438709239475429058e-04
9.546742658130824566e-04
9.606037638150155544e-04
9.508016519248485565e-04
9.233115706592798233e-04
9.148007957264780998e-04
8.972479845397174358e-04
9.096491849049925804e-04
8.952274802140891552e-04
8.812652667984366417e-04
8.917189552448689938e-04
8.828988065943121910e-04
8.769962005317211151e-04
8.700418984517455101e-04
8.621583692729473114e-04
8.597980486229062080e-04
8.566956967115402222e-04
8.510026382282376289e-04
8.511742926202714443e-04
8.445663843303918839e-04
8.406245033256709576e-04
8.394691394641995430e-04
8.368400740437209606e-04
8.448363514617085457e-04
8.628095383755862713e-04
8.806655532680451870e-04
9.333209018222987652e-04
9.011735673993825912e-04
8.886139257811009884e-04
9.624987724237143993e-04
9.673325112089514732e-04
8.837246568873524666e-04
8.496369118802249432e-04
8.836921188049018383e-04
8.587249321863055229e-04
8.366341935470700264e-04
8.597642881795763969e-04
8.257652516476809978e-04
8.329853299073874950e-04
8.352815057151019573e-04
8.133075898513197899e-04
8.148018969222903252e-04
8.097814279608428478e-04
7.951412117108702660e-04
8.021387620829045773e-04
7.917296024970710278e-04
7.894346490502357483e-04
7.797611760906875134e-04
7.770112715661525726e-04
7.764073088765144348e-04
7.702499860897660255e-04
7.646758458577096462e-04
7.688619079999625683e-04
7.648611208423972130e-04
7.649412727914750576e-04
7.780708256177604198e-04
8.167173946276307106e-04
8.877848740667104721e-04
9.734736522659659386e-04
9.153446881100535393e-04
8.439291268587112427e-04
8.412301540374755859e-04
8.584766183048486710e-04
8.079847320914268494e-04
8.087967289611697197e-04
8.203358156606554985e-04
7.858776370994746685e-04
7.755411788821220398e-04
7.907740655355155468e-04
7.717317785136401653e-04
7.692896761000156403e-04
7.593893678858876228e-04
7.698556873947381973e-04
7.397003355436027050e-04
7.448030519299209118e-04
7.432156708091497421e-04
7.331489468924701214e-04
7.300833240151405334e-04
7.276930264197289944e-04
7.284199236892163754e-04
7.229822222143411636e-04
7.192484335973858833e-04
7.291076472029089928e-04
7.447547977790236473e-04
7.557218195870518684e-04
7.922822842374444008e-04
7.895866292528808117e-04
7.622787961736321449e-04
7.280828431248664856e-04
7.200244581326842308e-04
7.382260519079864025e-04
7.403515046462416649e-04
7.203852292150259018e-04
7.069417042657732964e-04
7.077258778735995293e-04
7.141085225157439709e-04
7.086402620188891888e-04
6.975551950745284557e-04
6.920518353581428528e-04
6.946157664060592651e-04
6.934336852282285690e-04
6.847848417237401009e-04
6.770725594833493233e-04
6.793239153921604156e-04
6.807657191529870033e-04
6.763532292097806931e-04
6.757641094736754894e-04
6.746323779225349426e-04
6.760237738490104675e-04
6.870094221085309982e-04
7.279844721779227257e-04
7.990120793692767620e-04
8.820841903798282146e-04
8.073635399341583252e-04
7.156377541832625866e-04
7.506936672143638134e-04
7.411054102703928947e-04
7.167583098635077477e-04
7.392712868750095367e-04
7.036791648715734482e-04
7.109571015462279320e-04
7.155015482567250729e-04
6.860233843326568604e-04
7.071406580507755280e-04
6.971992552280426025e-04
6.761004915460944176e-04
6.953816628083586693e-04
6.755426293238997459e-04
6.689538131467998028e-04
6.739754462614655495e-04
6.609932752326130867e-04
6.588210235349833965e-04
6.575951701961457729e-04
6.513224798254668713e-04
6.502412725239992142e-04
6.452606176026165485e-04
6.447319174185395241e-04
6.447850028052926064e-04
6.363466964103281498e-04
6.414407398551702499e-04
6.420047720894217491e-04
6.418738048523664474e-04
6.612077122554183006e-04
6.905054906383156776e-04
7.292012451216578484e-04
7.781824097037315369e-04
7.747026975266635418e-04
7.002820493653416634e-04
6.665338296443223953e-04
6.984132342040538788e-04
6.962578045204281807e-04
6.557711167261004448e-04
6.482966709882020950e-04
6.779273389838635921e-04
6.583447102457284927e-04
6.301727844402194023e-04
6.405722815543413162e-04
6.447482155635952950e-04
6.300607346929609776e-04
6.237420020624995232e-04
6.300547393038868904e-04
6.236370536498725414e-04
6.095345597714185715e-04
6.141196354292333126e-04
6.174416630528867245e-04
6.069223163649439812e-04
6.041097803972661495e-04
6.048660725355148315e-04
6.041408050805330276e-04
6.036317790858447552e-04
6.013908423483371735e-04
6.019884021952748299e-04
6.126973312348127365e-04
6.223938544280827045e-04
6.351238116621971130e-04
6.309215677902102470e-04
6.303766858763992786e-04
6.327467854134738445e-04
6.325170397758483887e-04
6.342552951537072659e-04
6.210765568539500237e-04
6.269365549087524414e-04
6.300432723946869373e-04
6.155483424663543701e-04
5.952409701421856880e-04
5.987663171254098415e-04
6.132654962129890919e-04
6.024955073371529579e-04
5.899493116885423660e-04
5.892153712920844555e-04
5.980881396681070328e-04
5.972140934318304062e-04
5.982958828099071980e-04
6.125533254817128181e-04
6.166349048726260662e-04
6.059211445972323418e-04
6.124490173533558846e-04
6.188806146383285522e-04
6.131695117801427841e-04
5.915514193475246429e-04
5.914333742111921310e-04
6.047256174497306347e-04
6.079468294046819210e-04
6.158194737508893013e-04
6.046190974302589893e-04
5.903963465243577957e-04
5.807894049212336540e-04
5.795388715341687202e-04
5.836554337292909622e-04
5.726155359297990799e-04
5.662026815116405487e-04
5.712552228942513466e-04
5.740533815696835518e-04
5.760426865890622139e-04
5.724625079892575741e-04
5.729455733671784401e-04
5.709280958399176598e-04
5.771928699687123299e-04
5.918634124100208282e-04
5.984070012345910072e-04
6.098196608945727348e-04
6.388726178556680679e-04
6.637694314122200012e-04
6.955200806260108948e-04
6.415805546566843987e-04
6.288385484367609024e-04
6.666357512585818768e-04
6.320707034319639206e-04
5.860895034857094288e-04
6.030598888173699379e-04
6.059830775484442711e-04
5.738601321354508400e-04
5.721847992390394211e-04
5.909459432587027550e-04
5.749333649873733521e-04
5.635155830532312393e-04
5.713484133593738079e-04
5.692887934856116772e-04
5.570924840867519379e-04
5.547847831621766090e-04
5.556336254812777042e-04
5.514028016477823257e-04
5.451692268252372742e-04
5.456277867779135704e-04
5.466495640575885773e-04
5.415713530965149403e-04
5.397654604166746140e-04
5.433856858871877193e-04
5.519425030797719955e-04
5.599903524853289127e-04
5.750611890107393265e-04
6.116163567639887333e-04
6.232755840755999088e-04
6.118998280726373196e-04
5.963931325823068619e-04
5.781151703558862209e-04
5.823448300361633301e-04
6.054178229533135891e-04
6.006735493429005146e-04
5.776922916993498802e-04
5.691465339623391628e-04
5.667491350322961807e-04
5.595672409981489182e-04
5.531529895961284637e-04
5.505363224074244499e-04
5.432311445474624634e-04
5.406405543908476830e-04
5.437863292172551155e-04
5.371097940951585770e-04
5.322613287717103958e-04
5.334747838787734509e-04
5.263776401989161968e-04
5.227963556535542011e-04
5.269690300337970257e-04
5.225606146268546581e-04
5.198115250095725060e-04
5.183906760066747665e-04
5.168089410290122032e-04
5.204220651648938656e-04
5.220993771217763424e-04
5.303982179611921310e-04
5.421197274699807167e-04
5.740888882428407669e-04
5.936283268965780735e-04
6.209958810359239578e-04
5.946367164142429829e-04
5.627258215099573135e-04
5.992457736283540726e-04
6.093852571211755276e-04
5.933688953518867493e-04
5.680773174390196800e-04
5.635806592181324959e-04
5.685940850526094437e-04
5.488017341122031212e-04
5.526568274945020676e-04
5.555609823204576969e-04
5.414705374278128147e-04
5.416874773800373077e-04
5.416929489001631737e-04
5.264549399726092815e-04
5.305446102283895016e-04
5.293503636494278908e-04
5.260867183096706867e-04
5.211392417550086975e-04
5.145620089024305344e-04
5.124020972289144993e-04
5.126359174028038979e-04
5.050750914961099625e-04
5.058480892330408096e-04
5.082071293145418167e-04
5.032015615142881870e-04
5.035281646996736526e-04
5.083319265395402908e-04
5.111763020977377892e-04
5.231807590462267399e-04
5.338265327736735344e-04
5.426569259725511074e-04
5.518888356164097786e-04
5.449876189231872559e-04
5.348353297449648380e-04
5.383015377447009087e-04
5.617632996290922165e-04
5.747427931055426598e-04
5.576243856921792030e-04
5.219503655098378658e-04
5.283722421154379845e-04
5.389469442889094353e-04
5.158042768016457558e-04
5.005059647373855114e-04
5.116654792800545692e-04
5.133784143254160881e-04
5.033061606809496880e-04
4.980056546628475189e-04
4.931673174723982811e-04
4.952326416969299316e-04
4.987792344763875008e-04
4.936457262374460697e-04
4.870334814768284559e-04
4.885435337200760841e-04
4.935122560709714890e-04
4.897073376923799515e-04
4.910557181574404240e-04
4.972931928932666779e-04
5.029105814173817635e-04
5.070505430921912193e-04
5.194537225179374218e-04
5.227804649621248245e-04
5.255405558273196220e-04
5.252503324300050735e-04
5.126172327436506748e-04
5.148320924490690231e-04
5.131115904077887535e-04
5.178678547963500023e-04
5.094737862236797810e-04
4.987694555893540382e-04
5.032100598327815533e-04
4.969472065567970276e-04
4.904344095848500729e-04
4.945665132254362106e-04
5.132873193360865116e-04
5.147638730704784393e-04
4.972057649865746498e-04
4.924029344692826271e-04
5.028827581554651260e-04
5.033864872530102730e-04
5.065111326985061169e-04
5.174788529984652996e-04
5.442845867946743965e-04
5.706736119464039803e-04
5.782052176073193550e-04
5.710463738068938255e-04
5.401431117206811905e-04
5.118729313835501671e-04
5.023113917559385300e-04
5.189728108234703541e-04
5.138367996551096439e-04
4.869581607636064291e-04
4.843167844228446484e-04
4.930592258460819721e-04
4.911482101306319237e-04
4.800759197678416967e-04
4.734816029667854309e-04
4.759225994348526001e-04
4.758717841468751431e-04
4.750237276311963797e-04
4.689503402914851904e-04
4.585392889566719532e-04
4.626133595593273640e-04
4.663019790314137936e-04
4.604167770594358444e-04
4.583671397995203733e-04
4.576888750307261944e-04
4.572389298118650913e-04
4.609327297657728195e-04
4.655937082134187222e-04
4.715962568297982216e-04
4.891603603027760983e-04
5.122970324009656906e-04
5.568398628383874893e-04
5.798608763143420219e-04
5.865042330697178841e-04
5.869652377441525459e-04
5.503318971022963524e-04
5.315401940606534481e-04
5.236055585555732250e-04
5.034597124904394150e-04
5.122261354699730873e-04
5.091823404654860497e-04
4.901104839518666267e-04
4.943293170072138309e-04
4.885845701210200787e-04
4.791534156538546085e-04
4.764422774314880371e-04
4.734869289677590132e-04
4.679299308918416500e-04
4.693373048212379217e-04
4.653763899113982916e-04
4.555690975394099951e-04
4.611065378412604332e-04
4.553438338916748762e-04
4.503494128584861755e-04
4.536917840596288443e-04
4.497307527344673872e-04
4.467767139431089163e-04
4.474749730434268713e-04
4.467715043574571609e-04
4.456264432519674301e-04
4.457759205251932144e-04
4.504262178670614958e-04
4.580412060022354126e-04
4.713924136012792587e-04
5.021730321459472179e-04
5.135482060723006725e-04
5.230903625488281250e-04
5.050203762948513031e-04
4.792847321368753910e-04
4.908530390821397305e-04
5.045010475441813469e-04
5.100610433146357536e-04
4.991266177967190742e-04
4.850202240049839020e-04
4.846142546739429235e-04
4.723353777080774307e-04
4.599368548952043056e-04
4.523759707808494568e-04
4.597531515173614025e-04
4.626986919902265072e-04
4.462959186639636755e-04
4.492036532610654831e-04
4.559265798889100552e-04
4.484623204916715622e-04
4.377232980914413929e-04
4.361767496448010206e-04
4.431167035363614559e-04
4.424312501214444637e-04
4.362183099146932364e-04
4.385616048239171505e-04
4.435438604559749365e-04
4.447721876204013824e-04
4.523447714745998383e-04
4.609310999512672424e-04
4.690059868153184652e-04
4.771191161125898361e-04
4.764033656101673841e-04
4.663986619561910629e-04
4.569858720060437918e-04
4.618963575921952724e-04
4.760436422657221556e-04
4.885792732238769531e-04
4.945857217535376549e-04
5.060659605078399181e-04
5.505880108103156090e-04
5.392467137426137924e-04
4.724635509774088860e-04
4.515397304203361273e-04
4.815744177903980017e-04
4.649569746106863022e-04
4.498001653701066971e-04
4.659887345042079687e-04
4.484768433030694723e-04
4.405926447361707687e-04
4.487868864089250565e-04
4.358708101790398359e-04
4.360930470284074545e-04
4.359161830507218838e-04
4.274180100765079260e-04
4.311825032345950603e-04
4.287833580747246742e-04
4.254912491887807846e-04
4.244239244144409895e-04
4.233820363879203796e-04
4.251965438015758991e-04
4.260261484887450933e-04
4.301676526665687561e-04
4.450563283171504736e-04
4.645661101676523685e-04
4.953635507263243198e-04
5.193934775888919830e-04
5.170606891624629498e-04
4.713424423243850470e-04
4.454364243429154158e-04
4.686321481131017208e-04
4.774925182573497295e-04
4.577756335493177176e-04
4.261927679181098938e-04
4.391684778966009617e-04
4.634593497030436993e-04
4.373256815597414970e-04
4.203957505524158478e-04
4.384154453873634338e-04
4.466839018277823925e-04
4.382217884995043278e-04
4.395291325636208057e-04
4.486970137804746628e-04
4.575897473841905594e-04
4.517610650509595871e-04
4.453653818927705288e-04
4.436622257344424725e-04
4.328850773163139820e-04
4.219429101794958115e-04
4.228244069963693619e-04
4.372771945782005787e-04
4.386402142699807882e-04
4.277842526789754629e-04
4.185660218354314566e-04
4.221107519697397947e-04
4.257705877535045147e-04
4.252113576512783766e-04
4.295798426028341055e-04
4.307540075387805700e-04
4.303452733438462019e-04
4.305074398871511221e-04
4.412126727402210236e-04
4.418828466441482306e-04
4.446913953870534897e-04
4.515656037256121635e-04
4.491614818107336760e-04
4.378855810500681400e-04
4.245855379849672318e-04
4.203470889478921890e-04
4.191510379314422607e-04
4.206693265587091446e-04
4.271953366696834564e-04
4.232187638990581036e-04
4.100619989912956953e-04
4.086922854185104370e-04
4.195379442535340786e-04
4.262075526639819145e-04
4.163020639680325985e-04
4.200050025247037411e-04
4.313582030590623617e-04
4.433422291185706854e-04
4.499931819736957550e-04
4.645888402592390776e-04
4.739956639241427183e-04
4.982323152944445610e-04
5.257021985016763210e-04
4.984931438229978085e-04
4.511897568590939045e-04
4.499193746596574783e-04
4.558398795779794455e-04
4.389204259496182203e-04
4.345264460425823927e-04
4.351955140009522438e-04
4.290569922886788845e-04
4.249058838468044996e-04
4.175584472250193357e-04
4.165376303717494011e-04
4.132619069423526525e-04
4.096824850421398878e-04
4.056253819726407528e-04
4.053885932080447674e-04
4.026271344628185034e-04
3.981443005613982677e-04
3.996689338237047195e-04
3.964990610256791115e-04
3.932172839995473623e-04
3.930782841052860022e-04
3.945736680179834366e-04
3.948228550143539906e-04
3.949872625526040792e-04
3.979828325100243092e-04
4.070795548614114523e-04
4.224333388265222311e-04
4.431681591086089611e-04
4.461733042262494564e-04
4.385617794468998909e-04
4.146365099586546421e-04
4.168798623140901327e-04
4.485032695811241865e-04
4.737870767712593079e-04
4.775948764290660620e-04
4.515002947300672531e-04
4.522598756011575460e-04
4.684228333644568920e-04
4.485615645535290241e-04
4.302161396481096745e-04
4.449029220268130302e-04
4.398880410008132458e-04
4.149556334596127272e-04
4.070253053214401007e-04
4.152060428168624640e-04
4.125053528696298599e-04
4.050442657899111509e-04
4.080428625456988811e-04
4.045909736305475235e-04
3.935062559321522713e-04
3.931948158424347639e-04
3.992566780652850866e-04
3.934866690542548895e-04
3.872780362144112587e-04
3.876156115438789129e-04
3.877819399349391460e-04
3.855008981190621853e-04
3.840971621684730053e-04
3.860908909700810909e-04
3.887326456606388092e-04
3.904526529368013144e-04
