0.000000000000000000e+00
1.466139685362577438e-02
8.625696413218975067e-03
6.041956134140491486e-03
4.989562556147575378e-03
4.803700372576713562e-03
4.438618198037147522e-03
4.118773154914379120e-03
4.073482006788253784e-03
3.968527540564537048e-03
3.774685319513082504e-03
3.641143441200256348e-03
3.541565965861082077e-03
3.411025507375597954e-03
3.321613883599638939e-03
3.279407508671283722e-03
3.192365169525146484e-03
3.083258867263793945e-03
3.022226272150874138e-03
2.994317095726728439e-03
2.934774383902549744e-03
2.876539714634418488e-03
2.821536269038915634e-03
2.761609852313995361e-03
2.722146688029170036e-03
2.674324437975883484e-03
2.619605511426925659e-03
2.575277350842952728e-03
2.540587214753031731e-03
2.497508656233549118e-03
2.449368126690387726e-03
2.410819288343191147e-03
2.379249315708875656e-03
2.341058570891618729e-03
2.312909811735153198e-03
2.282000146806240082e-03
2.250628313049674034e-03
2.224002499133348465e-03
2.198144560679793358e-03
2.167332917451858521e-03
2.141322242096066475e-03
2.113614929839968681e-03
2.089068992063403130e-03
2.067463938146829605e-03
2.041163388639688492e-03
2.016812562942504883e-03
1.995297847315669060e-03
1.972244121134281158e-03
1.951253390870988369e-03
1.930455677211284637e-03
1.909283455461263657e-03
1.888850471004843712e-03
1.869553118012845516e-03
1.849942840635776520e-03
1.831365516409277916e-03
1.813013572245836258e-03
1.794214127585291862e-03
1.776514109224081039e-03
1.759317121468484402e-03
1.743545639328658581e-03
1.726698130369186401e-03
1.710690557956695557e-03
1.695473678410053253e-03
1.683130394667387009e-03
1.676617888733744621e-03
1.688198884949088097e-03
1.748723792843520641e-03
1.775288721546530724e-03
1.698929700069129467e-03
1.605997793376445770e-03
1.665578223764896393e-03
1.653457409702241421e-03
1.571894041262567043e-03
1.607973012141883373e-03
1.607171609066426754e-03
1.537246396765112877e-03
1.559874275699257851e-03
1.554937567561864853e-03
1.501182094216346741e-03
1.518941950052976608e-03
1.511749229393899441e-03
1.467538415454328060e-03
1.480720355175435543e-03
1.480878796428442001e-03
1.440632855519652367e-03
1.437797909602522850e-03
1.449871691875159740e-03
1.422511180862784386e-03
1.400019275024533272e-03
1.405312912538647652e-03
1.400234526954591274e-03
1.380023895762860775e-03
1.365653588436543941e-03
1.365638803690671921e-03
1.363165443763136864e-03
1.347756944596767426e-03
1.331101171672344208e-03
1.322329044342041016e-03
1.323582953773438931e-03
1.330638770014047623e-03
1.322861528024077415e-03
1.318257302045822144e-03
1.314536435529589653e-03
1.348825986497104168e-03
1.419382169842720032e-03
1.430122181773185730e-03
1.339974813163280487e-03
1.270100474357604980e-03
1.325080171227455139e-03
1.319027272984385490e-03
1.260789344087243080e-03
1.268476946279406548e-03
1.281600212678313255e-03
1.245497027412056923e-03
1.234625815413892269e-03
1.249304856173694134e-03
1.231457106769084930e-03
1.206267159432172775e-03
1.214631600305438042e-03
1.215633586980402470e-03
1.184237189590930939e-03
1.180830411612987518e-03
1.190915238112211227e-03
1.169634168036282063e-03
1.154336030595004559e-03
1.158542232587933540e-03
1.159755396656692028e-03
1.145697431638836861e-03
1.129069831222295761e-03
1.131671248003840446e-03
1.134206540882587433e-03
1.125884708017110825e-03
1.114638056606054306e-03
1.103518996387720108e-03
1.099572516977787018e-03
1.100278925150632858e-03
1.099149812944233418e-03
1.101113390177488327e-03
1.106448704376816750e-03
1.158239552751183510e-03
1.259133103303611279e-03
1.325186574831604958e-03
1.137444982305169106e-03
1.135967322625219822e-03
1.195310847833752632e-03
1.112066558562219143e-03
1.140480162575840950e-03
1.107343472540378571e-03
1.100184745155274868e-03
1.120677683502435684e-03
1.067730016075074673e-03
1.091862795874476433e-03
1.069111283868551254e-03
1.063413918018341064e-03
1.063584117218852043e-03
1.041121082380414009e-03
1.058985246345400810e-03
1.027226448059082031e-03
1.028687460348010063e-03
1.032087020576000214e-03
1.009349129162728786e-03
1.018701703287661076e-03
1.007724786177277565e-03
9.925230406224727631e-04
1.001621247269213200e-03
9.892822708934545517e-04
9.810663759708404541e-04
9.818902472034096718e-04
9.727910510264337063e-04
9.679067879915237427e-04
9.677860653027892113e-04
9.662043303251266479e-04
9.835808305069804192e-04
1.057754037901759148e-03
1.278651761822402477e-03
1.371414284221827984e-03
1.142730237916111946e-03
1.077265362255275249e-03
1.165437046438455582e-03
1.041732029989361763e-03
1.071756938472390175e-03
1.042931689880788326e-03
1.019497867673635483e-03
1.032040920108556747e-03
9.969900129362940788e-04
1.008599880151450634e-03
9.734103223308920860e-04
9.847501059994101524e-04
9.640105417929589748e-04
9.584883227944374084e-04
9.547098306939005852e-04
9.345883736386895180e-04
9.431955404579639435e-04
9.211967699229717255e-04
9.250014554709196091e-04
9.159935871139168739e-04
9.101749164983630180e-04
9.032862144522368908e-04
8.990492206066846848e-04
8.957303944043815136e-04
8.876305073499679565e-04
8.888971060514450073e-04
8.839652873575687408e-04
8.830103906802833080e-04
8.834069594740867615e-04
8.886856958270072937e-04
8.905988070182502270e-04
8.972647483460605145e-04
8.876954670995473862e-04
8.783314842730760574e-04
8.621306624263525009e-04
8.488576859235763550e-04
8.493061177432537079e-04
8.539573173038661480e-04
8.605287293903529644e-04
8.670540992170572281e-04
8.711908012628555298e-04
8.535019587725400925e-04
8.391640149056911469e-04
8.267054217867553234e-04
8.251187391579151154e-04
8.305930532515048981e-04
8.386212284676730633e-04
8.533575455658137798e-04
8.488697349093854427e-04
8.452292531728744507e-04
8.277981542050838470e-04
8.140496211126446724e-04
8.119737613014876842e-04
8.135986281558871269e-04
8.180247386917471886e-04
8.181828306987881660e-04
8.246419019997119904e-04
8.153695380315184593e-04
8.064046269282698631e-04
7.985604461282491684e-04
7.999612716957926750e-04
8.130877977237105370e-04
8.278706809505820274e-04
8.530723862349987030e-04
8.284283685497939587e-04
8.045157883316278458e-04
8.033744525164365768e-04
8.090967312455177307e-04
8.101034909486770630e-04
7.848272798582911491e-04
7.832541014067828655e-04
7.985964184626936913e-04
7.906607352197170258e-04
7.760819862596690655e-04
7.835217984393239021e-04
8.186006452888250351e-04
8.500004187226295471e-04
8.158050477504730225e-04
8.006755961105227470e-04
8.380507933907210827e-04
8.242816547863185406e-04
7.851844420656561852e-04
7.837102166377007961e-04
7.776123820804059505e-04
7.581406971439719200e-04
7.636735099367797375e-04
7.708932971581816673e-04
7.641674019396305084e-04
7.417829474434256554e-04
7.506875554099678993e-04
7.537115598097443581e-04
7.409094832837581635e-04
7.377981091849505901e-04
7.403544150292873383e-04
7.295903633348643780e-04
7.290767389349639416e-04
7.377627189271152020e-04
7.479118066839873791e-04
7.578657241538167000e-04
7.632155902683734894e-04
7.811625837348401546e-04
7.718696724623441696e-04
7.464521331712603569e-04
7.224231958389282227e-04
7.220398401841521263e-04
7.260044803842902184e-04
7.296521216630935669e-04
7.334916735999286175e-04
7.201586267910897732e-04
7.060640491545200348e-04
6.993182469159364700e-04
7.087694248184561729e-04
7.201281259767711163e-04
7.171204779297113419e-04
7.185246213339269161e-04
7.253426010720431805e-04
7.498897612094879150e-04
7.700505666434764862e-04
8.133642259053885937e-04
8.254332351498305798e-04
7.639489485882222652e-04
7.057047914713621140e-04
7.293547387234866619e-04
7.438744651153683662e-04
7.231376948766410351e-04
7.083732634782791138e-04
6.933467811904847622e-04
7.065598620101809502e-04
7.139206863939762115e-04
6.832624785602092743e-04
6.784735014662146568e-04
6.928796647116541862e-04
6.845406605862081051e-04
6.735531496815383434e-04
6.702925893478095531e-04
6.677300552837550640e-04
6.691627204418182373e-04
6.691715680062770844e-04
6.643496453762054443e-04
6.568535463884472847e-04
6.572138518095016479e-04
6.614636513404548168e-04
6.650029681622982025e-04
6.655195611529052258e-04
6.709624431096017361e-04
6.856131367385387421e-04
6.972834235057234764e-04
7.108421996235847473e-04
7.210300536826252937e-04
6.830239435657858849e-04
6.528167286887764931e-04
6.607712130062282085e-04
6.588743999600410461e-04
6.593600846827030182e-04
6.630904972553253174e-04
6.486898637376725674e-04
6.398099940270185471e-04
6.470544612966477871e-04
6.528326193802058697e-04
6.689446745440363884e-04
7.002189522609114647e-04
7.914548623375594616e-04
7.928700651973485947e-04
7.985567208379507065e-04
7.078776834532618523e-04
6.737210787832736969e-04
7.329569198191165924e-04
6.988728418946266174e-04
6.473631947301328182e-04
6.787604652345180511e-04
6.777453236281871796e-04
6.420296267606317997e-04
6.495061679743230343e-04
6.523950723931193352e-04
6.346080917865037918e-04
6.389805930666625500e-04
6.289773737080395222e-04
6.215889006853103638e-04
6.257134373299777508e-04
6.196900503709912300e-04
6.127395317889750004e-04
6.130777765065431595e-04
6.122480263002216816e-04
6.071898387745022774e-04
6.085343775339424610e-04
6.082578911446034908e-04
6.072748219594359398e-04
6.210003048181533813e-04
6.450819200836122036e-04
6.746328435838222504e-04
7.010346162132918835e-04
6.928405491635203362e-04
6.347353919409215450e-04
6.268599536269903183e-04
6.398562109097838402e-04
6.358764949254691601e-04
6.227077683433890343e-04
6.236786721274256706e-04
6.232673767954111099e-04
6.143772625364363194e-04
6.162235513329505920e-04
6.183115183375775814e-04
6.211336585693061352e-04
6.443808670155704021e-04
6.549304816871881485e-04
6.609216216020286083e-04
6.750937318429350853e-04
6.769889732822775841e-04
6.321396213024854660e-04
5.920519470237195492e-04
6.099394522607326508e-04
6.329557509161531925e-04
6.242371746338903904e-04
6.024182075634598732e-04
5.925648147240281105e-04
5.906905862502753735e-04
5.984568269923329353e-04
6.057088612578809261e-04
5.924221477471292019e-04
5.824813852086663246e-04
5.844479310326278210e-04
5.802677478641271591e-04
5.765892565250396729e-04
5.819657817482948303e-04
5.799505161121487617e-04
5.724233342334628105e-04
5.731246201321482658e-04
5.743262590840458870e-04
5.733174621127545834e-04
5.718038300983607769e-04
5.815590266138315201e-04
5.931742489337921143e-04
6.101484177634119987e-04
6.206928519532084465e-04
6.306167924776673317e-04
5.976085085421800613e-04
5.708950338885188103e-04
5.707105156034231186e-04
5.909017636440694332e-04
6.031681550666689873e-04
5.848244763910770416e-04
5.776336765848100185e-04
5.915628862567245960e-04
5.944600561633706093e-04
5.973747465759515762e-04
5.864683189429342747e-04
5.857245996594429016e-04
5.768184200860559940e-04
5.681746406480669975e-04
5.623604520224034786e-04
5.609291838482022285e-04
5.578332347795367241e-04
5.602567689493298531e-04
5.754287121817469597e-04
5.853540496900677681e-04
6.026686169207096100e-04
6.226793630048632622e-04
6.405133754014968872e-04
6.170301930978894234e-04
5.679961759597063065e-04
5.669257370755076408e-04
5.978400586172938347e-04
5.969326593913137913e-04
5.747165996581315994e-04
5.730901029892265797e-04
5.739504122175276279e-04
5.713631398975849152e-04
5.697744782082736492e-04
5.564833991229534149e-04
5.452727782540023327e-04
5.525145097635686398e-04
5.533011863008141518e-04
5.423426046036183834e-04
5.429746815934777260e-04
5.422530230134725571e-04
5.416129715740680695e-04
5.337186739780008793e-04
5.310344859026372433e-04
5.362824886105954647e-04
5.341549403965473175e-04
5.285895313136279583e-04
5.351955187506973743e-04
5.363006494008004665e-04
5.441416869871318340e-04
5.543202860280871391e-04
5.610111984424293041e-04
5.640740273520350456e-04
5.703622009605169296e-04
5.580818979069590569e-04
5.559179116971790791e-04
5.563570884987711906e-04
5.836699856445193291e-04
6.041203741915524006e-04
6.358432583510875702e-04
6.129212561063468456e-04
5.653246771544218063e-04
5.653607659041881561e-04
6.101885810494422913e-04
5.837503122165799141e-04
5.354055901989340782e-04
5.402954993769526482e-04
5.529870977625250816e-04
5.444017006084322929e-04
5.280047189444303513e-04
5.292264395393431187e-04
5.413725739344954491e-04
5.308724357746541500e-04
5.167801864445209503e-04
5.200779996812343597e-04
5.210948875173926353e-04
5.149419303052127361e-04
5.121468566358089447e-04
5.125004681758582592e-04
5.149476928636431694e-04
5.115070380270481110e-04
5.106473690830171108e-04
5.118075641803443432e-04
5.145729519426822662e-04
5.225003696978092194e-04
5.333565641194581985e-04
5.396143533289432526e-04
5.626832135021686554e-04
5.879030795767903328e-04
5.831029266119003296e-04
5.541291320696473122e-04
5.356511101126670837e-04
5.496575613506138325e-04
5.781129002571105957e-04
6.035608239471912384e-04
5.793924792669713497e-04
5.367314442992210388e-04
5.501166451722383499e-04
5.605464684776961803e-04
5.506650195457041264e-04
5.387409473769366741e-04
5.324878729879856110e-04
5.245826905593276024e-04
5.172200035303831100e-04
5.108193727210164070e-04
5.177297862246632576e-04
5.130374920554459095e-04
5.070639308542013168e-04
5.104916635900735855e-04
5.056647351011633873e-04
5.016196519136428833e-04
4.951454466208815575e-04
4.966733977198600769e-04
4.955137264914810658e-04
4.938594065606594086e-04
4.936871118843555450e-04
4.871096170973032713e-04
4.880012420471757650e-04
4.921250510960817337e-04
4.911872092634439468e-04
4.935903707519173622e-04
5.059760296717286110e-04
5.234290147200226784e-04
5.496025551110506058e-04
5.822106031700968742e-04
5.990903009660542011e-04
6.000490393489599228e-04
5.559987039305269718e-04
5.275309085845947266e-04
5.390457808971405029e-04
5.772159784100949764e-04
5.390399601310491562e-04
4.966659471392631531e-04
5.168094648979604244e-04
5.314990412443876266e-04
5.064720171503722668e-04
4.954646574333310127e-04
5.076047964394092560e-04
4.986969288438558578e-04
4.895454621873795986e-04
4.946756525896489620e-04
4.901847569271922112e-04
4.791023675352334976e-04
4.804768250323832035e-04
4.832400009036064148e-04
4.786308272741734982e-04
4.709415952675044537e-04
4.707671178039163351e-04
4.769211518578231335e-04
4.724826430901885033e-04
4.686639585997909307e-04
4.734124522656202316e-04
4.788760270457714796e-04
4.876790335401892662e-04
5.033721681684255600e-04
5.354753229767084122e-04
5.491885822266340256e-04
5.397510249167680740e-04
5.069067119620740414e-04
4.987251595593988895e-04
5.092368810437619686e-04
5.082622519694268703e-04
4.947847919538617134e-04
4.990925081074237823e-04
5.033511552028357983e-04
4.953955067321658134e-04
4.849039833061397076e-04
4.961282829754054546e-04
4.921844811178743839e-04
4.880508058704435825e-04
4.842458292841911316e-04
4.816846339963376522e-04
4.803697229363024235e-04
4.871748387813568115e-04
4.849894903600215912e-04
4.831100814044475555e-04
4.810490063391625881e-04
4.795674176421016455e-04
4.670405178330838680e-04
4.625719739124178886e-04
4.646210581995546818e-04
4.647896857932209969e-04
4.684134619310498238e-04
4.689220804721117020e-04
4.731488879770040512e-04
4.717615665867924690e-04
4.729595675598829985e-04
4.694813978858292103e-04
4.652176285162568092e-04
4.643934953492134809e-04
4.762247554026544094e-04
4.850924015045166016e-04
4.987857537344098091e-04
5.108545301482081413e-04
5.015592323616147041e-04
4.746727063320577145e-04
4.582090477924793959e-04
4.651887575164437294e-04
4.822656046599149704e-04
4.911014693789184093e-04
4.920525243505835533e-04
4.866781528107821941e-04
4.773777327500283718e-04
4.838163149543106556e-04
4.877864266745746136e-04
4.749350191559642553e-04
4.636062658391892910e-04
4.707091429736465216e-04
4.742341116070747375e-04
4.740355943795293570e-04
4.692382644861936569e-04
4.697137628681957722e-04
4.671503265853971243e-04
4.546004056464880705e-04
4.493976593948900700e-04
4.487027181312441826e-04
4.464080266188830137e-04
4.470672865863889456e-04
4.528640420176088810e-04
4.549880395643413067e-04
4.630926996469497681e-04
4.815733409486711025e-04
5.133653758093714714e-04
5.359823699109256268e-04
5.773180164396762848e-04
5.191206582821905613e-04
4.612552002072334290e-04
4.634501819964498281e-04
4.898974439129233360e-04
4.918411141261458397e-04
4.651599447242915630e-04
4.511334409471601248e-04
4.624501743819564581e-04
4.691683570854365826e-04
4.494047607295215130e-04
4.376452998258173466e-04
4.476064059417694807e-04
4.519426729530096054e-04
4.389021487440913916e-04
4.361482278909534216e-04
4.446729435585439205e-04
4.439141775947064161e-04
4.428303800523281097e-04
4.449523985385894775e-04
4.503028467297554016e-04
4.611091571860015392e-04
4.688933840952813625e-04
4.726701590698212385e-04
4.621887055691331625e-04
4.567295254673808813e-04
4.528044664766639471e-04
4.402085614856332541e-04
4.441388300620019436e-04
4.569121811073273420e-04
4.706888867076486349e-04
4.831805708818137646e-04
4.893387085758149624e-04
4.994687042199075222e-04
5.116824759170413017e-04
5.171658704057335854e-04
4.935153992846608162e-04
4.634227952919900417e-04
4.767046775668859482e-04
4.900183994323015213e-04
4.579400992952287197e-04
4.563315305858850479e-04
4.665746237151324749e-04
4.379390447866171598e-04
4.372282419353723526e-04
4.531806043814867735e-04
4.395090509206056595e-04
4.371621180325746536e-04
4.351299430709332228e-04
4.302570305299013853e-04
4.352025862317532301e-04
4.310033691581338644e-04
4.214257933199405670e-04
4.245693271514028311e-04
4.220627597533166409e-04
4.161740071140229702e-04
4.179782117716968060e-04
4.175192152615636587e-04
4.137572832405567169e-04
4.138416843488812447e-04
4.137431678827852011e-04
4.128004657104611397e-04
4.153451591264456511e-04
4.189593892078846693e-04
4.279021522961556911e-04
4.469017731025815010e-04
4.796219000127166510e-04
5.215534474700689316e-04
5.424851551651954651e-04
5.230352981016039848e-04
4.643595893867313862e-04
4.728892236016690731e-04
5.053303320892155170e-04
4.967147833667695522e-04
4.672881914302706718e-04
4.548251163214445114e-04
4.572635516524314880e-04
4.587040166370570660e-04
4.441158962436020374e-04
4.352567193564027548e-04
4.402483755256980658e-04
4.347763024270534515e-04
4.241956339683383703e-04
4.222767893224954605e-04
4.250957572367042303e-04
4.220378468744456768e-04
4.197770031169056892e-04
4.145985585637390614e-04
4.172220360487699509e-04
4.139181401114910841e-04
4.073591553606092930e-04
4.090270958840847015e-04
4.054901364725083113e-04
4.032955912407487631e-04
4.040760395582765341e-04
4.011506680399179459e-04
4.005485097877681255e-04
4.053383599966764450e-04
4.084020329173654318e-04
4.189133178442716599e-04
4.387331136967986822e-04
4.706643230747431517e-04
4.980100784450769424e-04
5.102439899928867817e-04
4.608684394042938948e-04
4.189798783045262098e-04
4.288586205802857876e-04
4.565318231470882893e-04
4.493262385949492455e-04
4.232131177559494972e-04
4.276509280316531658e-04
4.447298706509172916e-04
4.400732868816703558e-04
4.260287387296557426e-04
4.265276365913450718e-04
4.318768624216318130e-04
4.167668521404266357e-04
3.990322293248027563e-04
4.083674866706132889e-04
4.150375607423484325e-04
4.061143554281443357e-04
4.041050560772418976e-04
4.116473719477653503e-04
4.164754645898938179e-04
4.180308897048234940e-04
4.185541474726051092e-04
4.338992876000702381e-04
4.676525422837585211e-04
5.007442086935043335e-04
5.365678225643932819e-04
5.045649595558643341e-04
4.511046572588384151e-04
4.254814120940864086e-04
4.516608023550361395e-04
4.633806529454886913e-04
4.330981464590877295e-04
4.208824539091438055e-04
4.270045028533786535e-04
4.254628438502550125e-04
4.191289190202951431e-04
4.138608928769826889e-04
4.062174994032830000e-04
4.062335356138646603e-04
4.064282402396202087e-04
4.037347098346799612e-04
3.966359072364866734e-04
3.940319293178617954e-04
3.968585224356502295e-04
3.955800493713468313e-04
3.901362651959061623e-04
3.871356311719864607e-04
3.885685582645237446e-04
3.933685366064310074e-04
3.943950287066400051e-04
3.995987935923039913e-04
4.154223715886473656e-04
4.496568290051072836e-04
4.989318549633026123e-04
5.793666350655257702e-04
5.928458413109183311e-04
5.245821084827184677e-04
4.221065901219844818e-04
4.370433161966502666e-04
4.820448230020701885e-04
4.529695434030145407e-04
4.223551950417459011e-04
4.253259103279560804e-04
4.363342595752328634e-04
4.202081472612917423e-04
4.056433099322021008e-04
4.198774404358118773e-04
4.090035217814147472e-04
3.948165976908057928e-04
4.064115928485989571e-04
3.996115119662135839e-04
3.936979919672012329e-04
3.928558435291051865e-04
3.903293400071561337e-04
3.914714034181088209e-04
3.852259251289069653e-04
3.827358013950288296e-04
3.864744212478399277e-04
3.825942985713481903e-04
3.789455513469874859e-04
3.814873634837567806e-04
3.794981748796999454e-04
3.791488124988973141e-04
3.791114722844213247e-04
3.816575626842677593e-04
3.900100418832153082e-04
4.009581170976161957e-04
4.249481717124581337e-04
4.487315600272268057e-04
4.735388793051242828e-04
4.510665312409400940e-04
4.309758951421827078e-04
4.257643013261258602e-04
4.298154672142118216e-04
4.288072232156991959e-04
3.970458055846393108e-04
4.065530374646186829e-04
4.271229263395071030e-04
4.026260576210916042e-04
3.833253576885908842e-04
3.968656528741121292e-04
4.037252801936119795e-04
3.844178863801062107e-04
3.794548683799803257e-04
3.934971464332193136e-04
3.918872098438441753e-04
3.807847388088703156e-04
3.898786089848726988e-04
4.050749703310430050e-04
4.061547515448182821e-04
4.113276372663676739e-04
4.241431597620248795e-04
4.251670907251536846e-04
4.041802021674811840e-04
3.805356973316520452e-04
3.778305836021900177e-04
3.846053732559084892e-04
3.830479399766772985e-04
3.869463107548654079e-04
3.882196906488388777e-04
3.763854037970304489e-04
3.690874145831912756e-04
3.713511396199464798e-04
3.774536889977753162e-04
3.782226704061031342e-04
3.716654027812182903e-04
3.675534389913082123e-04
3.663133247755467892e-04
3.638830385170876980e-04
3.623589291237294674e-04
3.634813183452934027e-04
3.661402442958205938e-04
3.685938427224755287e-04
3.684663679450750351e-04
3.666624543257057667e-04
3.698912623804062605e-04
3.796981181949377060e-04
3.990962577518075705e-04
4.237850662320852280e-04
4.601675027515739202e-04
4.739388241432607174e-04
4.506092518568038940e-04
4.093812021892517805e-04
3.986950905527919531e-04
4.207354504615068436e-04
4.102687817066907883e-04
3.922538016922771931e-04
4.010217962786555290e-04
4.006472881883382797e-04
3.851063083857297897e-04
3.873609821312129498e-04
3.930862294510006905e-04
3.897626302205026150e-04
3.892041277140378952e-04
3.990386030636727810e-04
4.069725982844829559e-04
4.113475733902305365e-04
4.132001195102930069e-04
4.221714334562420845e-04
4.056244797538965940e-04
3.928097430616617203e-04
3.983081551268696785e-04
3.986518713645637035e-04
3.894080291502177715e-04
3.857910633087158203e-04
3.733490011654794216e-04
3.669854195322841406e-04
3.692578175105154514e-04
3.709023585543036461e-04
3.744033165276050568e-04
3.714909253176301718e-04
3.649998689070343971e-04
3.618195187300443649e-04
3.625607932917773724e-04
3.610599669627845287e-04
3.589114057831466198e-04
3.579024341888725758e-04
3.586503153201192617e-04
3.584492369554936886e-04
3.550798573996871710e-04
3.553061396814882755e-04
3.551436529960483313e-04
3.533779527060687542e-04
3.549469111021608114e-04
3.575942828319966793e-04
3.632575389929115772e-04
3.784060827456414700e-04
4.133520997129380703e-04
4.692772345151752234e-04
5.382007220759987831e-04
5.368294077925384045e-04
4.356230492703616619e-04
4.033015575259923935e-04
4.671114147640764713e-04
4.538921057246625423e-04
3.823227889370173216e-04
4.157649818807840347e-04
4.337440186645835638e-04
3.830607165582478046e-04
4.040831408929079771e-04
4.127643769606947899e-04
3.814942319877445698e-04
3.965715295635163784e-04
3.971580881625413895e-04
3.792090283241122961e-04
3.811808419413864613e-04
3.848167252726852894e-04
3.681070811580866575e-04
3.696733037941157818e-04
3.710309974849224091e-04
3.593009896576404572e-04
3.617484471760690212e-04
3.648905549198389053e-04
3.540449542924761772e-04
3.578187897801399231e-04
3.599147894419729710e-04
3.515579737722873688e-04
3.558981406968086958e-04
3.565821098163723946e-04
3.551979025360196829e-04
3.587371902540326118e-04
3.669720026664435863e-04
3.751924668904393911e-04
3.929673694074153900e-04
4.170135944150388241e-04
4.421310441102832556e-04
4.543960094451904297e-04
4.371955001261085272e-04
3.986134543083608150e-04
3.825360327027738094e-04
3.887371567543596029e-04
4.049169947393238544e-04
3.939705202355980873e-04
3.685118863359093666e-04
3.608659608289599419e-04
3.722594701685011387e-04
3.730497264768928289e-04
3.608715196605771780e-04
3.553367569111287594e-04
3.577385796234011650e-04
3.594411537051200867e-04
3.530695976223796606e-04
3.468099748715758324e-04
3.476719721220433712e-04
3.485706984065473080e-04
3.484493936412036419e-04
3.450237854849547148e-04
3.432671946939080954e-04
3.433540405239909887e-04
3.452633391134440899e-04
3.467166970949620008e-04
3.492212854325771332e-04
3.569548425730317831e-04
3.769147442653775215e-04
3.916071727871894836e-04
4.105777188669890165e-04
4.034716403111815453e-04
3.918113070540130138e-04
3.729461459442973137e-04
3.707580908667296171e-04
3.844173625111579895e-04
3.786644374486058950e-04
3.750972391571849585e-04
3.695918712764978409e-04
3.696932690218091011e-04
3.643952659331262112e-04
3.556853334885090590e-04
3.565489314496517181e-04
3.595310845412313938e-04
3.523786435835063457e-04
3.464768524281680584e-04
3.439112042542546988e-04
3.463652101345360279e-04
3.479876904748380184e-04
3.438258718233555555e-04
3.392905346117913723e-04
3.389588091522455215e-04
3.403865266591310501e-04
3.410863573662936687e-04
3.435820690356194973e-04
3.417074913159012794e-04
3.448039642535150051e-04
3.522523620631545782e-04
3.587385581340640783e-04
3.595010784920305014e-04
3.646794357337057590e-04
3.671043959911912680e-04
3.728413139469921589e-04
3.767206799238920212e-04
3.730095340870320797e-04
3.726907889358699322e-04
3.835433162748813629e-04
3.931261599063873291e-04
3.982135094702243805e-04
3.870394430123269558e-04
3.800830454565584660e-04
3.758288221433758736e-04
3.879537689499557018e-04
3.805987944360822439e-04
3.588926047086715698e-04
3.559715987648814917e-04
3.565741644706577063e-04
3.533452691044658422e-04
3.433301753830164671e-04
3.418683481868356466e-04
3.462998138274997473e-04
3.433153033256530762e-04
3.382322320248931646e-04
3.358892572578042746e-04
3.349682665430009365e-04
3.345690201967954636e-04
3.323292767163366079e-04
3.313887573312968016e-04
3.322708362247794867e-04
3.325536381453275681e-04
3.329461906105279922e-04
3.351914929226040840e-04
3.396663814783096313e-04
3.496164863463491201e-04
3.613662847783416510e-04
3.777921374421566725e-04
3.889359068125486374e-04
3.884934994857758284e-04
3.709961893036961555e-04
3.677377826534211636e-04
3.958330489695072174e-04
4.113908798899501562e-04
4.118887882214039564e-04
3.686537384055554867e-04
3.689732111524790525e-04
4.047772381454706192e-04
3.898715949617326260e-04
3.617000766098499298e-04
3.676422056742012501e-04
3.689263248816132545e-04
3.512203402351588011e-04
3.395249950699508190e-04
3.523269842844456434e-04
3.517682780511677265e-04
3.364491858519613743e-04
3.372129867784678936e-04
3.436430997680872679e-04
3.335131332278251648e-04
3.274875634815543890e-04
3.325432480778545141e-04
3.322661796119064093e-04
3.279801458120346069e-04
3.264624974690377712e-04
3.267297870479524136e-04
3.274590417277067900e-04
3.296765498816967010e-04
3.367433964740484953e-04
3.471417585387825966e-04
3.720041713677346706e-04
3.948052763007581234e-04
4.233696963638067245e-04
4.350763629190623760e-04
4.616694932337850332e-04
4.589620511978864670e-04
4.175395588390529156e-04
3.899812581948935986e-04
3.970905090682208538e-04
3.999107866548001766e-04
3.770087496377527714e-04
3.619716153480112553e-04
3.690347657538950443e-04
3.618385526351630688e-04
3.532675909809768200e-04
3.506186767481267452e-04
3.466786292847245932e-04
3.381354908924549818e-04
3.435291291680186987e-04
3.448792849667370319e-04
3.291488101240247488e-04
3.327472077216953039e-04
3.379824920557439327e-04
3.300948883406817913e-04
3.265106934122741222e-04
3.273986221756786108e-04
3.260441299062222242e-04
3.224577521905303001e-04
3.210713039152324200e-04
3.230458241887390614e-04
3.208391135558485985e-04
3.175160090904682875e-04
3.176398458890616894e-04
3.200609644409269094e-04
3.215129254385828972e-04
3.234687901567667723e-04
3.298954979982227087e-04
3.376659005880355835e-04
3.523457271512597799e-04
3.662772942334413528e-04
3.846640465781092644e-04
4.075457982253283262e-04
4.291320219635963440e-04
4.441806813701987267e-04
4.043402150273323059e-04
3.763671847991645336e-04
3.872781235259026289e-04
3.960870089940726757e-04
3.666064876597374678e-04
3.536918084137141705e-04
3.633278538472950459e-04
3.624145756475627422e-04
3.446284099481999874e-04
3.445972397457808256e-04
3.432066296227276325e-04
3.349636099301278591e-04
3.388916084077209234e-04
3.358688554726541042e-04
3.282039542682468891e-04
3.304096753709018230e-04
3.252945316489785910e-04
3.202183288522064686e-04
3.234022296965122223e-04
3.210569557268172503e-04
3.173478180542588234e-04
3.185310633853077888e-04
3.157852333970367908e-04
3.144809452351182699e-04
3.153873840346932411e-04
3.137224121019244194e-04
3.111458208877593279e-04
3.138447937089949846e-04
3.143505309708416462e-04
3.153140423819422722e-04
3.203491796739399433e-04
3.284199628978967667e-04
3.408322227187454700e-04
3.587118699215352535e-04
3.750358009710907936e-04
3.709656884893774986e-04
3.460673615336418152e-04
3.271233872510492802e-04
3.306965227238833904e-04
3.493469557724893093e-04
3.543639031704515219e-04
3.351148625370115042e-04
3.213616437278687954e-04
3.252175520174205303e-04
3.321488329675048590e-04
3.279961529187858105e-04
3.172267170157283545e-04
3.163406508974730968e-04
3.207263071089982986e-04
3.198924823664128780e-04
3.137514286208897829e-04
3.129895194433629513e-04
3.179774503223598003e-04
3.241147496737539768e-04
3.317294176667928696e-04
3.488057700451463461e-04
3.756570804398506880e-04
4.122093960177153349e-04
4.020520718768239021e-04
3.773106727749109268e-04
3.505204804241657257e-04
3.543939674273133278e-04
3.551947302184998989e-04
3.451289085205644369e-04
3.460105217527598143e-04
3.423216403461992741e-04
3.291415632702410221e-04
3.247114946134388447e-04
3.328598686493933201e-04
3.259025688748806715e-04
3.162835200782865286e-04
3.192262083757668734e-04
3.207133850082755089e-04
3.155216109007596970e-04
3.171757853124290705e-04
3.164005465805530548e-04
3.155459708068519831e-04
3.184360975865274668e-04
3.186711110174655914e-04
3.173557633999735117e-04
3.195593308191746473e-04
3.174999728798866272e-04
3.148931136820465326e-04
3.169989795424044132e-04
3.146772214677184820e-04
3.124550567008554935e-04
3.155448939651250839e-04
3.200413193553686142e-04
3.261913952883332968e-04
3.389587800484150648e-04
3.590898122638463974e-04
3.700000233948230743e-04
3.830358327832072973e-04
3.746675502043217421e-04
3.523842606227844954e-04
3.292788460385054350e-04
3.369541955180466175e-04
3.544324717950075865e-04
3.580518532544374466e-04
3.386941680219024420e-04
3.276370407547801733e-04
3.281868994235992432e-04
3.376480599399656057e-04
3.296916256658732891e-04
3.141164779663085938e-04
3.122625348623842001e-04
3.197412879671901464e-04
3.199926868546754122e-04
3.117098240181803703e-04
3.075848217122256756e-04
3.076076973229646683e-04
3.091784892603754997e-04
3.088111698161810637e-04
3.028564096894115210e-04
3.009314823430031538e-04
3.031473606824874878e-04
3.027574857696890831e-04
3.004061873070895672e-04
3.004523459821939468e-04
3.049232182092964649e-04
3.140875487588346004e-04
3.282357356511056423e-04
3.468602371867746115e-04
3.707359719555824995e-04
3.817452525254338980e-04
3.757583908736705780e-04
3.517318400554358959e-04
3.432850935496389866e-04
3.686987329274415970e-04
3.663448151201009750e-04
