0.000000000000000000e+00
6.568941287696361542e-03
7.875090464949607849e-03
4.748078528791666031e-03
5.295469425618648529e-03
4.487649537622928619e-03
4.011502023786306381e-03
3.993160557001829147e-03
3.805299988016486168e-03
3.523791208863258362e-03
3.459986299276351929e-03
3.387805074453353882e-03
3.215322270989418030e-03
3.111198544502258301e-03
3.058985574170947075e-03
2.986754756420850754e-03
2.879323903471231461e-03
2.796776592731475830e-03
2.757669892162084579e-03
2.712930087000131607e-03
2.645037136971950531e-03
2.577822422608733177e-03
2.536918502300977707e-03
2.513192361220717430e-03
2.475941320881247520e-03
2.415805822238326073e-03
2.362152561545372009e-03
2.328962786123156548e-03
2.299840794876217842e-03
2.266012597829103470e-03
2.232348779216408730e-03
2.202437026426196098e-03
2.176282927393913269e-03
2.153384033590555191e-03
2.126234350726008415e-03
2.094557508826255798e-03
2.066563349217176437e-03
2.041841391474008560e-03
2.020142506808042526e-03
1.995612168684601784e-03
1.970131648704409599e-03
1.947416341863572598e-03
1.925399294123053551e-03
1.902727410197257996e-03
1.881067175418138504e-03
1.860214280895888805e-03
1.839871867559850216e-03
1.819746568799018860e-03
1.799244200810790062e-03
1.778821460902690887e-03
1.759616658091545105e-03
1.740950858220458031e-03
1.720576896332204342e-03
1.700841821730136871e-03
1.682497444562613964e-03
1.663683797232806683e-03
1.645718119107186794e-03
1.628272584639489651e-03
1.610830193385481834e-03
1.594014232978224754e-03
1.576582668349146843e-03
1.559562981128692627e-03
1.543731428682804108e-03
1.527818851172924042e-03
1.512433285824954510e-03
1.497941324487328529e-03
1.483283238485455513e-03
1.469087554141879082e-03
1.456720056012272835e-03
1.452587312087416649e-03
1.487495726905763149e-03
1.585270510986447334e-03
1.543715363368391991e-03
1.426055096089839935e-03
1.443468034267425537e-03
1.441541477106511593e-03
1.393893267959356308e-03
1.393943442963063717e-03
1.386441173963248730e-03
1.353083993308246136e-03
1.358864828944206238e-03
1.340421847999095917e-03
1.318124472163617611e-03
1.328184502199292183e-03
1.292865490540862083e-03
1.297484384849667549e-03
1.284328638575971127e-03
1.264816499315202236e-03
1.268702093511819839e-03
1.246289815753698349e-03
1.245210994966328144e-03
1.231769565492868423e-03
1.223773229867219925e-03
1.218442339450120926e-03
1.201721024699509144e-03
1.201597857289016247e-03
1.190871233120560646e-03
1.180201652459800243e-03
1.175329554826021194e-03
1.165242749266326427e-03
1.159023959189653397e-03
1.153736142441630363e-03
1.143260393291711807e-03
1.136016682721674442e-03
1.130087766796350479e-03
1.121398760005831718e-03
1.114400685764849186e-03
1.108967117033898830e-03
1.103139715269207954e-03
1.098426640965044498e-03
1.100438064895570278e-03
1.112988684326410294e-03
1.147372531704604626e-03
1.173479715362191200e-03
1.139351166784763336e-03
1.073106075637042522e-03
1.082790433429181576e-03
1.098361099138855934e-03
1.069834688678383827e-03
1.058412133716046810e-03
1.054342836141586304e-03
1.044437056407332420e-03
1.046903431415557861e-03
1.031849533319473267e-03
1.015440211631357670e-03
1.023665769025683403e-03
1.017271541059017181e-03
9.996985318139195442e-04
9.972727857530117035e-04
9.955752175301313400e-04
9.855747921392321587e-04
9.820696432143449783e-04
9.796933736652135849e-04
9.676001500338315964e-04
9.592819842509925365e-04
9.598967153578996658e-04
9.557139128446578979e-04
9.466557530686259270e-04
9.432978695258498192e-04
9.453261154703795910e-04
9.459898574277758598e-04
9.472743840888142586e-04
9.541274048388004303e-04
9.715245105326175690e-04
9.953228291124105453e-04
1.003894954919815063e-03
9.552528499625623226e-04
9.218010818585753441e-04
9.317460353486239910e-04
9.299411321990191936e-04
9.237254853360354900e-04
9.168132673949003220e-04
9.010403300635516644e-04
8.908743038773536682e-04
8.984981104731559753e-04
8.981190621852874756e-04
8.757722098380327225e-04
8.707052911631762981e-04
8.762339130043983459e-04
8.716783486306667328e-04
8.571888320147991180e-04
8.536971872672438622e-04
8.585628820583224297e-04
8.483650162816047668e-04
8.368211565539240837e-04
8.380233193747699261e-04
8.358491468243300915e-04
8.317227475345134735e-04
8.273338899016380310e-04
8.302857168018817902e-04
8.429737645201385021e-04
8.741538040339946747e-04
9.236027253791689873e-04
9.340180549770593643e-04
8.504313300363719463e-04
8.309702388942241669e-04
8.797055343165993690e-04
8.593334350734949112e-04
8.258916204795241356e-04
8.358157938346266747e-04
8.296309970319271088e-04
8.082980057224631310e-04
8.103753207251429558e-04
8.085021981969475746e-04
7.983626564964652061e-04
7.849546964280307293e-04
7.923331577330827713e-04
7.886051898822188377e-04
7.699679117649793625e-04
7.775090052746236324e-04
7.722008740529417992e-04
7.642070995643734932e-04
7.631210610270500183e-04
7.591065950691699982e-04
7.593170739710330963e-04
7.559151272289454937e-04
7.512654992751777172e-04
7.572246249765157700e-04
7.750242366455495358e-04
7.808734662830829620e-04
8.270051330327987671e-04
9.068485233001410961e-04
9.621260105632245541e-04
9.163627400994300842e-04
8.347806287929415703e-04
8.229570812545716763e-04
8.243521442636847496e-04
8.096015080809593201e-04
7.890506531111896038e-04
7.792138494551181793e-04
7.776806014589965343e-04
7.586968131363391876e-04
7.529323920607566833e-04
7.571136811748147011e-04
7.302627782337367535e-04
7.437480380758643150e-04
7.325228070840239525e-04
7.179831154644489288e-04
7.267463952302932739e-04
7.134887855499982834e-04
7.067226688377559185e-04
7.091350271366536617e-04
6.998325698077678680e-04
6.962876650504767895e-04
6.947228685021400452e-04
6.880147266201674938e-04
6.890424410812556744e-04
6.862315349280834198e-04
6.843846058472990990e-04
6.834300002083182335e-04
6.759538082405924797e-04
6.761057302355766296e-04
6.688344292342662811e-04
6.661067600362002850e-04
6.670420989394187927e-04
6.640000501647591591e-04
6.614107405766844749e-04
6.604812806472182274e-04
6.580510525964200497e-04
6.583907525055110455e-04
6.576966261491179466e-04
6.548003293573856354e-04
6.546059157699346542e-04
6.517136935144662857e-04
6.502868491224944592e-04
6.462345481850206852e-04
6.474478868767619133e-04
6.567753152921795845e-04
6.852424703538417816e-04
7.360078743658959866e-04
7.487264228984713554e-04
7.088879938237369061e-04
6.769818137399852276e-04
7.076879264786839485e-04
7.175361970439553261e-04
6.566364318132400513e-04
6.677159108221530914e-04
6.850739009678363800e-04
6.473327521234750748e-04
6.578128668479621410e-04
6.653761374764144421e-04
6.304725538939237595e-04
6.401410792022943497e-04
6.444571772590279579e-04
6.237784982658922672e-04
6.369642214849591255e-04
6.331712938845157623e-04
6.162327481433749199e-04
6.303477566689252853e-04
6.240423535928130150e-04
6.159842014312744141e-04
6.204977398738265038e-04
6.172769935801625252e-04
6.114145508036017418e-04
6.146160303615033627e-04
6.139242905192077160e-04
6.144032813608646393e-04
6.057810969650745392e-04
6.017262348905205727e-04
5.995099782012403011e-04
5.924317520111799240e-04
5.909642204642295837e-04
5.963179864920675755e-04
5.993673112243413925e-04
6.107105873525142670e-04
6.558677996508777142e-04
7.017030147835612297e-04
7.475541206076741219e-04
7.632083143107593060e-04
7.115822518244385719e-04
6.727368454448878765e-04
6.751660257577896118e-04
6.688274443149566650e-04
6.524933851324021816e-04
6.433854578062891960e-04
6.428818451240658760e-04
6.328666931949555874e-04
6.158901960588991642e-04
6.203243974596261978e-04
6.212654407136142254e-04
6.032696692273020744e-04
6.038174033164978027e-04
6.096265278756618500e-04
5.908490275032818317e-04
5.949381156824529171e-04
5.983887240290641785e-04
5.826731212437152863e-04
5.814190371893346310e-04
5.879896925762295723e-04
5.726541858166456223e-04
5.752712022513151169e-04
5.832966417074203491e-04
5.667863879352807999e-04
5.667784716933965683e-04
5.723796784877777100e-04
5.605188198387622833e-04
5.594514659605920315e-04
5.607343045994639397e-04
5.538557888939976692e-04
5.524090956896543503e-04
5.509161856025457382e-04
5.498467944562435150e-04
5.473408382385969162e-04
5.463463603518903255e-04
5.442225374281406403e-04
5.434393533505499363e-04
5.455813952721655369e-04
5.515836528502404690e-04
5.636259447783231735e-04
5.921040428802371025e-04
6.366089219227433205e-04
6.703545222990214825e-04
6.419866112992167473e-04
5.912532797083258629e-04
5.883823032490909100e-04
6.159042241051793098e-04
5.979691632091999054e-04
5.870790919288992882e-04
5.740955821238458157e-04
5.720478948205709457e-04
5.856390343979001045e-04
5.679336609318852425e-04
5.632021347992122173e-04
5.637842696160078049e-04
5.569594213739037514e-04
5.565192550420761108e-04
5.462747067213058472e-04
5.469244206324219704e-04
5.475303041748702526e-04
5.321954959072172642e-04
5.389412981458008289e-04
5.341882351785898209e-04
5.287416861392557621e-04
5.284418002702295780e-04
5.260507459752261639e-04
5.224497290328145027e-04
5.189014482311904430e-04
5.203128093853592873e-04
5.168010829947888851e-04
5.151110817678272724e-04
5.149539792910218239e-04
5.141058936715126038e-04
5.171127850189805031e-04
5.226247012615203857e-04
5.389952566474676132e-04
5.692904815077781677e-04
6.139840697869658470e-04
6.229503778740763664e-04
5.801653023809194565e-04
5.221295286901295185e-04
5.215588025748729706e-04
5.602431483566761017e-04
5.504608270712196827e-04
5.126753821969032288e-04
5.164562026038765907e-04
5.334850866347551346e-04
5.212591495364904404e-04
5.022102850489318371e-04
5.083979340270161629e-04
5.186573253013193607e-04
5.061066476628184319e-04
4.952838644385337830e-04
5.049202591180801392e-04
5.116604152135550976e-04
5.121894646435976028e-04
5.211568786762654781e-04
5.469867028295993805e-04
5.507715395651757717e-04
5.407080752775073051e-04
5.163027672097086906e-04
5.030336324125528336e-04
5.081930430606007576e-04
5.115006933920085430e-04
5.143143353052437305e-04
5.090580089017748833e-04
4.976507043465971947e-04
4.993440816178917885e-04
5.045351572334766388e-04
5.057569942437112331e-04
5.006514256820082664e-04
4.995431518182158470e-04
5.071355844847857952e-04
5.114817759022116661e-04
5.104613956063985825e-04
5.031353794038295746e-04
4.947964334860444069e-04
4.874928854405879974e-04
4.860300978180021048e-04
4.868136020377278328e-04
4.865908413194119930e-04
4.846790689043700695e-04
4.767264181282371283e-04
4.738334100693464279e-04
4.766493802890181541e-04
4.763863398693501949e-04
4.759076400659978390e-04
4.715911054518073797e-04
4.680123820435255766e-04
4.711736110039055347e-04
4.793408734258264303e-04
4.910617135465145111e-04
5.021666875109076500e-04
5.211004172451794147e-04
5.275222356431186199e-04
5.292321438901126385e-04
5.444237613119184971e-04
5.724196089431643486e-04
5.892460467293858528e-04
5.667816731147468090e-04
5.187789211049675941e-04
5.302321515046060085e-04
5.437600193545222282e-04
5.007151048630475998e-04
5.085135926492512226e-04
4.997819196432828903e-04
4.927430418320000172e-04
4.993207403458654881e-04
4.885181551799178123e-04
4.802565963473170996e-04
4.795224813278764486e-04
4.739116993732750416e-04
4.678354598581790924e-04
4.727423656731843948e-04
4.696589894592761993e-04
4.620054969564080238e-04
4.634868528228253126e-04
4.608201270457357168e-04
4.555542836897075176e-04
4.569306911434978247e-04
4.542077658697962761e-04
4.507979319896548986e-04
4.510490107350051403e-04
4.509966238401830196e-04
4.508399870246648788e-04
4.545373376458883286e-04
4.619726387318223715e-04
4.783119948115199804e-04
5.047513404861092567e-04
5.446465802378952503e-04
5.575119284912943840e-04
5.449994932860136032e-04
5.152017693035304546e-04
5.016576033085584641e-04
5.214239936321973801e-04
4.968505818396806717e-04
4.909499548375606537e-04
5.081167328171432018e-04
4.854014550801366568e-04
4.932488081976771355e-04
5.012938636355102062e-04
4.714620299637317657e-04
4.828684614039957523e-04
4.840106412302702665e-04
4.630628973245620728e-04
4.744906327687203884e-04
4.645664594136178493e-04
4.592259356286376715e-04
4.619027895387262106e-04
4.519124922808259726e-04
4.517062334343791008e-04
4.479010240174829960e-04
4.454075824469327927e-04
4.438269825186580420e-04
4.404750070534646511e-04
4.380881728138774633e-04
4.375471617095172405e-04
4.359753220342099667e-04
4.315480473451316357e-04
4.336732381489127874e-04
4.300869477447122335e-04
4.277331754565238953e-04
4.295360995456576347e-04
4.296954139135777950e-04
4.308588686399161816e-04
4.421455960255116224e-04
4.663366707973182201e-04
5.134950624778866768e-04
5.790930590592324734e-04
6.043594330549240112e-04
5.270093097351491451e-04
4.851005505770444870e-04
5.232830299064517021e-04
5.238155717961490154e-04
4.793594125658273697e-04
4.792805702891200781e-04
4.780071030836552382e-04
4.523433453869074583e-04
4.676788521464914083e-04
4.708237829618155956e-04
4.457882023416459560e-04
4.613999626599252224e-04
4.555268096737563610e-04
4.358806763775646687e-04
4.491661093197762966e-04
4.465828824322670698e-04
4.342164320405572653e-04
4.381851758807897568e-04
4.333610995672643185e-04
4.289911012165248394e-04
4.261086578480899334e-04
4.272168735042214394e-04
4.228177422191947699e-04
4.202787240501493216e-04
4.202565178275108337e-04
4.182808916084468365e-04
4.156084614805877209e-04
4.146306309849023819e-04
4.138717777095735073e-04
4.112600581720471382e-04
4.117306962143629789e-04
4.096268094144761562e-04
4.102658422198146582e-04
4.120551457162946463e-04
4.149898304603993893e-04
4.256242827977985144e-04
4.418653843458741903e-04
4.737633280456066132e-04
5.007169675081968307e-04
5.077662644907832146e-04
4.706272156909108162e-04
4.491338913794606924e-04
4.675149393733590841e-04
4.547365242615342140e-04
4.382721963338553905e-04
4.380775499157607555e-04
4.383123014122247696e-04
4.289378412067890167e-04
4.220607224851846695e-04
4.289312637411057949e-04
4.226668679621070623e-04
4.128188302274793386e-04
4.184786812402307987e-04
4.125096020288765430e-04
4.074758326169103384e-04
4.103356914129108191e-04
4.049715062137693167e-04
4.029539413750171661e-04
4.036089812871068716e-04
4.012022109236568213e-04
4.005932714790105820e-04
4.002313362434506416e-04
3.997519961558282375e-04
4.016581224277615547e-04
4.042897780891507864e-04
4.114664625376462936e-04
4.242411814630031586e-04
4.392864357214421034e-04
4.587364965118467808e-04
4.690638161264359951e-04
4.487913101911544800e-04
4.192553169559687376e-04
4.187788290437310934e-04
4.406444495543837547e-04
4.647486784961074591e-04
4.618851817212998867e-04
4.500356444623321295e-04
4.649073816835880280e-04
4.670448543038219213e-04
4.486810357775539160e-04
4.201963893137872219e-04
4.146058927290141582e-04
4.264246381353586912e-04
4.154180642217397690e-04
4.144151171203702688e-04
4.240054986439645290e-04
4.079771169926971197e-04
4.016602179035544395e-04
4.057501209899783134e-04
4.023995716124773026e-04
3.981831250712275505e-04
3.955810971092432737e-04
3.973804414272308350e-04
3.971442056354135275e-04
3.909542574547231197e-04
3.898122813552618027e-04
3.924428892787545919e-04
3.942959592677652836e-04
3.938345180358737707e-04
3.970558755099773407e-04
4.042272630613297224e-04
4.163864941801875830e-04
4.220518749207258224e-04
4.253773367963731289e-04
4.232962965033948421e-04
4.152730107307434082e-04
4.104866820853203535e-04
4.092571325600147247e-04
4.102155508007854223e-04
4.135734343435615301e-04
4.030890413559973240e-04
3.887847415171563625e-04
3.846838080789893866e-04
3.937462752219289541e-04
3.970002289861440659e-04
3.931139071937650442e-04
3.874909016303718090e-04
3.872416564263403416e-04
3.899669391103088856e-04
3.927170182578265667e-04
3.927343059331178665e-04
3.981013724114745855e-04
4.085114924237132072e-04
4.057505284436047077e-04
4.064322856720536947e-04
4.159267409704625607e-04
4.106221604160964489e-04
4.040472558699548244e-04
3.987796080764383078e-04
4.103554820176213980e-04
4.253414226695895195e-04
4.257070249877870083e-04
4.328464274294674397e-04
4.557848442345857620e-04
4.663297440856695175e-04
4.721960867755115032e-04
4.317078273743391037e-04
4.096000920981168747e-04
4.139408410992473364e-04
4.086460103280842304e-04
4.066227411385625601e-04
3.966241492889821529e-04
3.941566683351993561e-04
4.036965256091207266e-04
3.923541516996920109e-04
3.810228081420063972e-04
3.804783336818218231e-04
3.832735237665474415e-04
3.821577120106667280e-04
3.755405487027019262e-04
3.743015695363283157e-04
3.750915639102458954e-04
3.725144488271325827e-04
3.704344271682202816e-04
3.695880004670470953e-04
3.716286155395209789e-04
3.722558612935245037e-04
3.749165334738790989e-04
3.786525339819490910e-04
3.881310112774372101e-04
4.026063252240419388e-04
4.240540729369968176e-04
4.351794195827096701e-04
4.342838365118950605e-04
4.072925075888633728e-04
3.929573576897382736e-04
4.115783958695828915e-04
4.458291223272681236e-04
4.761343006975948811e-04
4.555634222924709320e-04
4.378610174171626568e-04
4.284680762793868780e-04
4.265340394340455532e-04
4.196235095150768757e-04
3.979679604526609182e-04
4.049047129228711128e-04
4.098337085451930761e-04
3.864132741000503302e-04
3.853644884657114744e-04
3.955186984967440367e-04
3.838820557575672865e-04
3.763260319828987122e-04
3.816523822024464607e-04
3.779064281843602657e-04
3.718996886163949966e-04
3.686287382151931524e-04
3.664404503069818020e-04
3.675950574688613415e-04
3.662665549200028181e-04
3.612962027546018362e-04
3.629728162195533514e-04
3.620198403950780630e-04
3.611828433349728584e-04
3.612905857153236866e-04
3.626623656600713730e-04
3.682983515318483114e-04
3.769911709241569042e-04
3.891637024935334921e-04
4.056273610331118107e-04
4.208560567349195480e-04
4.192593623884022236e-04
3.999299369752407074e-04
3.768664319068193436e-04
3.669588768389075994e-04
3.799616824835538864e-04
3.924752527382224798e-04
3.841297584585845470e-04
3.728264418896287680e-04
3.698554355651140213e-04
3.784171422012150288e-04
3.794590593315660954e-04
3.709347220137715340e-04
3.585121012292802334e-04
3.567078965716063976e-04
3.663470270112156868e-04
3.651530714705586433e-04
