0.000000000000000000e+00
7.982159964740276337e-03
7.476229220628738403e-03
4.723315592855215073e-03
4.052926786243915558e-03
3.897070884704589844e-03
3.664742922410368919e-03
3.417936153709888458e-03
3.232343588024377823e-03
3.151716664433479309e-03
3.051109611988067627e-03
2.967383712530136108e-03
2.894972916692495346e-03
2.776882145553827286e-03
2.695709001272916794e-03
2.625284250825643539e-03
2.565215341746807098e-03
2.501164795830845833e-03
2.443429781123995781e-03
2.384339692071080208e-03
2.344910986721515656e-03
2.302445238456130028e-03
2.264246111735701561e-03
2.220337744802236557e-03
2.177421469241380692e-03
2.143312711268663406e-03
2.106624655425548553e-03
2.068444387987256050e-03
2.030926523730158806e-03
1.998181920498609543e-03
1.971260644495487213e-03
1.942090457305312157e-03
1.914902357384562492e-03
1.887404127046465874e-03
1.862120116129517555e-03
1.835606759414076805e-03
1.815881580114364624e-03
1.792212249711155891e-03
1.769614173099398613e-03
1.747322268784046173e-03
1.724469475448131561e-03
1.703953370451927185e-03
1.683325506746768951e-03
1.661140471696853638e-03
1.641897484660148621e-03
1.622586860321462154e-03
1.603273092769086361e-03
1.586280646733939648e-03
1.567884697578847408e-03
1.548735424876213074e-03
1.531055197119712830e-03
1.514472882263362408e-03
1.498184516094624996e-03
1.482359366491436958e-03
1.467263093218207359e-03
1.452151685953140259e-03
1.437398488633334637e-03
1.422833534888923168e-03
1.409005722962319851e-03
1.396073377691209316e-03
1.386068179272115231e-03
1.384034985676407814e-03
1.401335350237786770e-03
1.432253513485193253e-03
1.411317847669124603e-03
1.335507025942206383e-03
1.333027612417936325e-03
1.356261665932834148e-03
1.306779915466904640e-03
1.294051297008991241e-03
1.307359198108315468e-03
1.273083966225385666e-03
1.260218792594969273e-03
1.268151449039578438e-03
1.239885692484676838e-03
1.229464774951338768e-03
1.233301707543432713e-03
1.212201546877622604e-03
1.199742546305060387e-03
1.202036160975694656e-03
1.188581576570868492e-03
1.171111362054944038e-03
1.168113201856613159e-03
1.165920868515968323e-03
1.151250791735947132e-03
1.137384562753140926e-03
1.134464633651077747e-03
1.131598255597054958e-03
1.121097477152943611e-03
1.109002623707056046e-03
1.101026544347405434e-03
1.097089261747896671e-03
1.093970378860831261e-03
1.088148681446909904e-03
1.081370399333536625e-03
1.073187333531677723e-03
1.064306008629500866e-03
1.055761007592082024e-03
1.048436737619340420e-03
1.042234245687723160e-03
1.038061571307480335e-03
1.037172856740653515e-03
1.042674528434872627e-03
1.063018222339451313e-03
1.094737090170383453e-03
1.099748653359711170e-03
1.053313724696636200e-03
1.006018836051225662e-03
1.027446705847978592e-03
1.041925977915525436e-03
1.004505436867475510e-03
9.942834731191396713e-04
1.001879922114312649e-03
9.853754891082644463e-04
9.766751900315284729e-04
9.786061709746718407e-04
9.625758975744247437e-04
9.556155418977141380e-04
9.604025981388986111e-04
9.478905703872442245e-04
9.387172758579254150e-04
9.396166424266993999e-04
9.342539124190807343e-04
9.223022498190402985e-04
9.226977126672863960e-04
9.246836416423320770e-04
9.119281312450766563e-04
9.125151555053889751e-04
9.319474920630455017e-04
9.584402432665228844e-04
9.784467983990907669e-04
9.899882134050130844e-04
9.212639997713267803e-04
8.886141586117446423e-04
9.259958751499652863e-04
9.135141735896468163e-04
8.838175563141703606e-04
8.823978132568299770e-04
8.902614936232566833e-04
8.769644191488623619e-04
8.660667808726429939e-04
8.729854598641395569e-04
8.812902378849685192e-04
8.856634376570582390e-04
8.845990523695945740e-04
8.904282003641128540e-04
8.589124190621078014e-04
8.352281292900443077e-04
8.387173293158411980e-04
8.443872211501002312e-04
8.466790895909070969e-04
8.301280322484672070e-04
8.184009930118918419e-04
8.184484904631972313e-04
8.186995401047170162e-04
8.098791586235165596e-04
8.034318452700972557e-04
8.021375979296863079e-04
7.981648668646812439e-04
7.996523636393249035e-04
7.994226180016994476e-04
7.920858915895223618e-04
7.856399170123040676e-04
7.843428174965083599e-04
7.753525860607624054e-04
7.674773223698139191e-04
7.652644999325275421e-04
7.663751021027565002e-04
7.721066358499228954e-04
7.823383202776312828e-04
8.045089198276400566e-04
8.060872787609696388e-04
8.122152066789567471e-04
8.452662150375545025e-04
8.489262545481324196e-04
8.046424482017755508e-04
7.816054858267307281e-04
7.849230314604938030e-04
7.755832630209624767e-04
7.680809940211474895e-04
7.569763693027198315e-04
7.552240276709198952e-04
7.513751625083386898e-04
7.425404037348926067e-04
7.309103384613990784e-04
7.417569868266582489e-04
7.237511454150080681e-04
7.162544643506407738e-04
7.259835838340222836e-04
7.091049337759613991e-04
7.097410853020846844e-04
7.067446131259202957e-04
7.008560351096093655e-04
7.031186250969767570e-04
7.007449166849255562e-04
7.029469124972820282e-04
7.103792158886790276e-04
7.326413760893046856e-04
7.607734296470880508e-04
7.896072929725050926e-04
7.911290740594267845e-04
7.485741516575217247e-04
7.150805322453379631e-04
7.330579101108014584e-04
7.206610171124339104e-04
6.942407926544547081e-04
7.085292600095272064e-04
7.111166487447917461e-04
6.839779671281576157e-04
6.708341534249484539e-04
6.841897848062217236e-04
6.767147569917142391e-04
6.635407917201519012e-04
6.601902423426508904e-04
6.587625248357653618e-04
6.586692179553210735e-04
6.502137403003871441e-04
6.436370313167572021e-04
6.473161047324538231e-04
6.479313015006482601e-04
6.447120103985071182e-04
6.448335479944944382e-04
6.545188371092081070e-04
6.663193344138562679e-04
6.743818521499633789e-04
6.683740648441016674e-04
6.597908213734626770e-04
6.692599272355437279e-04
6.811567000113427639e-04
6.784438155591487885e-04
6.401930004358291626e-04
6.341621628962457180e-04
6.430855137296020985e-04
6.357192760333418846e-04
6.327916053123772144e-04
6.307865842245519161e-04
6.304556736722588539e-04
6.296443752944469452e-04
6.284517585299909115e-04
6.184387020766735077e-04
6.070064846426248550e-04
6.122216000221669674e-04
6.134520517662167549e-04
6.019023130647838116e-04
5.980238784104585648e-04
6.027300842106342316e-04
6.022214074619114399e-04
6.012809462845325470e-04
6.105642532929778099e-04
6.284379633143544197e-04
6.411321810446679592e-04
6.675226613879203796e-04
6.692875176668167114e-04
6.570977857336401939e-04
6.203099619597196579e-04
6.179146002978086472e-04
6.513915723189711571e-04
6.281654350459575653e-04
6.000191206112504005e-04
5.981911672279238701e-04
6.004422903060913086e-04
6.040642037987709045e-04
6.005257600918412209e-04
5.835905903950333595e-04
5.837724311277270317e-04
5.926534067839384079e-04
5.858468357473611832e-04
5.743341753259301186e-04
5.765914684161543846e-04
5.773864104412496090e-04
5.712495185434818268e-04
5.703198257833719254e-04
5.716611631214618683e-04
5.736293387599289417e-04
5.803838721476495266e-04
5.928927566856145859e-04
6.134965224191546440e-04
6.250486476346850395e-04
6.277956999838352203e-04
6.011009099893271923e-04
5.650570965372025967e-04
5.691892001777887344e-04
5.877246730960905552e-04
5.784347886219620705e-04
5.675751599483191967e-04
5.613580578938126564e-04
5.622453172691166401e-04
5.635251291096210480e-04
5.570753710344433784e-04
5.550622590817511082e-04
5.527901230379939079e-04
5.487991729751229286e-04
5.466538714244961739e-04
5.428289296105504036e-04
5.397053901106119156e-04
5.395300104282796383e-04
5.420356756076216698e-04
5.467437440529465675e-04
5.430351011455059052e-04
5.437798681668937206e-04
5.583372549153864384e-04
5.809880094602704048e-04
6.157744792290031910e-04
6.268130382522940636e-04
6.112970295362174511e-04
5.566687323153018951e-04
5.528987385332584381e-04
5.886337021365761757e-04
5.714889266528189182e-04
5.447487928904592991e-04
5.645622732117772102e-04
5.662479670718312263e-04
5.420856177806854248e-04
5.392206367105245590e-04
5.404603434726595879e-04
5.368681158870458603e-04
5.267967935651540756e-04
5.300767952576279640e-04
5.326887476257979870e-04
5.223230691626667976e-04
5.265342770144343376e-04
5.352653679437935352e-04
5.378089845180511475e-04
5.444693379104137421e-04
5.698709283024072647e-04
5.792044103145599365e-04
5.786202382296323776e-04
5.637521389871835709e-04
5.446967552416026592e-04
5.369773134589195251e-04
5.468321032822132111e-04
5.341317155398428440e-04
5.257248412817716599e-04
5.193591932766139507e-04
5.178211722522974014e-04
5.120754940435290337e-04
5.088075995445251465e-04
5.130735225975513458e-04
5.082231946289539337e-04
5.043167620897293091e-04
5.032496992498636246e-04
5.021198885515332222e-04
4.997006035409867764e-04
5.014588823541998863e-04
5.053841159678995609e-04
5.063920980319380760e-04
5.108887562528252602e-04
5.142092122696340084e-04
5.163720343261957169e-04
5.244885105639696121e-04
5.305467639118432999e-04
5.275040748529136181e-04
5.177564453333616257e-04
5.204721819609403610e-04
5.212349933572113514e-04
5.263537168502807617e-04
5.096729728393256664e-04
5.070075276307761669e-04
5.197652499191462994e-04
5.128383054398000240e-04
5.118804983794689178e-04
5.214354023337364197e-04
5.096481181681156158e-04
4.912333097308874130e-04
4.944888642057776451e-04
4.916551988571882248e-04
4.898550105281174183e-04
4.907698603346943855e-04
4.823144990950822830e-04
4.783875774592161179e-04
4.810396349057555199e-04
4.790849634446203709e-04
4.761778691317886114e-04
4.764290642924606800e-04
4.790250386577099562e-04
4.848421958740800619e-04
4.917012411169707775e-04
4.941764636896550655e-04
5.052764900028705597e-04
5.235018907114863396e-04
5.534730153158307076e-04
5.789621500298380852e-04
5.602668970823287964e-04
5.167156923562288284e-04
4.975429037585854530e-04
5.093987565487623215e-04
5.074519431218504906e-04
4.921208019368350506e-04
4.870301345363259315e-04
4.847093368880450726e-04
4.830446559935808182e-04
4.852606798522174358e-04
4.807341319974511862e-04
4.700574500020593405e-04
4.697893746197223663e-04
4.710108914878219366e-04
4.662184219341725111e-04
4.647864843718707561e-04
4.641092382371425629e-04
4.662586725316941738e-04
4.732307861559092999e-04
4.852661513723433018e-04
5.060146213509142399e-04
5.379109061323106289e-04
5.334136076271533966e-04
5.254821153357625008e-04
5.056721856817603111e-04
5.057939561083912849e-04
5.008372245356440544e-04
4.950995207764208317e-04
4.757053684443235397e-04
4.697300028055906296e-04
4.842300841119140387e-04
4.814442654605954885e-04
4.607537412084639072e-04
4.574679769575595856e-04
4.642267012968659401e-04
4.601432010531425476e-04
4.514667671173810959e-04
4.480458737816661596e-04
4.481757059693336487e-04
4.480226780287921429e-04
4.460993804968893528e-04
4.422841302584856749e-04
4.374124109745025635e-04
4.392913542687892914e-04
4.422152414917945862e-04
4.374716372694820166e-04
4.356779099907726049e-04
4.357146972324699163e-04
4.375553107820451260e-04
4.416326992213726044e-04
4.470258427318185568e-04
4.675707023125141859e-04
5.062894197180867195e-04
5.779080092906951904e-04
6.154270377010107040e-04
5.571350920945405960e-04
5.023849662393331528e-04
5.624193581752479076e-04
5.449296440929174423e-04
4.636708763428032398e-04
5.181060405448079109e-04
5.106981843709945679e-04
4.748147330246865749e-04
5.045660655014216900e-04
4.629912436939775944e-04
4.769501683767884970e-04
4.778262809850275517e-04
4.578808730002492666e-04
4.672363866120576859e-04
4.541435628198087215e-04
4.500262439250946045e-04
4.568269941955804825e-04
4.512817249633371830e-04
4.432295390870422125e-04
4.438810865394771099e-04
4.364844062365591526e-04
4.404009669087827206e-04
4.364044289104640484e-04
4.327724163886159658e-04
4.307363415136933327e-04
4.265474562998861074e-04
4.256413667462766171e-04
4.248786717653274536e-04
4.245681629981845617e-04
4.243956354912370443e-04
4.279043059796094894e-04
4.311239463277161121e-04
4.410452092997729778e-04
4.654425429180264473e-04
4.936775658279657364e-04
5.359015776775777340e-04
5.454802885651588440e-04
5.199438892304897308e-04
4.521916271187365055e-04
4.338705621194094419e-04
4.673864459618926048e-04
4.760329029522836208e-04
4.478184855543076992e-04
4.202452255412936211e-04
4.354100674390792847e-04
4.565124399960041046e-04
4.362699692137539387e-04
4.134636837989091873e-04
4.243572184350341558e-04
4.330172378104180098e-04
4.213436914142221212e-04
4.082327359355986118e-04
4.125153645873069763e-04
4.201192350592464209e-04
4.156256327405571938e-04
4.088357673026621342e-04
4.078878264408558607e-04
4.107503627892583609e-04
4.085630062036216259e-04
4.077129997313022614e-04
4.088169662281870842e-04
4.092140588909387589e-04
4.117573262192308903e-04
4.189619503449648619e-04
4.195545334368944168e-04
4.154813941568136215e-04
4.106897395104169846e-04
4.087796551175415516e-04
4.031714925076812506e-04
3.969584067817777395e-04
3.952793194912374020e-04
3.973703715018928051e-04
4.002941714134067297e-04
4.024172085337340832e-04
4.047805559821426868e-04
4.097317578271031380e-04
4.198702517896890640e-04
4.169244493823498487e-04
4.143705591559410095e-04
4.270930658094584942e-04
4.626084119081497192e-04
5.131805082783102989e-04
5.067540332674980164e-04
4.615855286829173565e-04
4.401028272695839405e-04
4.509298596531152725e-04
4.429680993780493736e-04
4.249413032084703445e-04
4.375201824586838484e-04
4.282464215066283941e-04
4.171125765424221754e-04
4.220232949592173100e-04
4.135333874728530645e-04
4.079414939042180777e-04
4.089937719982117414e-04
4.070799332112073898e-04
3.983970673289150000e-04
4.025896778330206871e-04
3.971694386564195156e-04
3.943221527151763439e-04
3.930000239051878452e-04
3.892382082995027304e-04
3.896810521837323904e-04
3.884288889821618795e-04
3.867422637995332479e-04
3.865591716021299362e-04
3.872875822708010674e-04
3.881574084516614676e-04
3.940208698622882366e-04
4.052539297845214605e-04
4.250325146131217480e-04
4.540405643638223410e-04
4.742761084344238043e-04
4.515399632509797812e-04
4.095083568245172501e-04
3.928625956177711487e-04
4.218408139422535896e-04
4.327802453190088272e-04
4.007052339147776365e-04
3.872679080814123154e-04
4.030033887829631567e-04
4.044292436446994543e-04
3.866735787596553564e-04
3.823455772362649441e-04
3.906964266207069159e-04
3.890842781402170658e-04
3.781359991990029812e-04
3.793348441831767559e-04
3.834801027551293373e-04
3.796960227191448212e-04
3.747037844732403755e-04
3.756135411094874144e-04
3.770385810639709234e-04
3.762117994483560324e-04
3.766283625736832619e-04
3.802212886512279510e-04
3.849469067063182592e-04
3.963076451327651739e-04
4.085487453266978264e-04
4.317949933465570211e-04
4.534477775450795889e-04
4.791542887687683105e-04
5.021502729505300522e-04
5.648505757562816143e-04
5.802781088277697563e-04
5.390938022173941135e-04
4.684053710661828518e-04
4.937654593959450722e-04
4.676780081354081631e-04
4.389504319988191128e-04
4.680598794948309660e-04
4.348887014202773571e-04
4.343125910963863134e-04
4.295870312489569187e-04
4.135154304094612598e-04
4.186581354588270187e-04
4.118928336538374424e-04
4.067019326612353325e-04
3.976010484620928764e-04
3.974935389123857021e-04
3.943823685403913260e-04
3.894666151609271765e-04
3.854739479720592499e-04
3.822378348559141159e-04
3.828741027973592281e-04
3.778339305426925421e-04
3.740597167052328587e-04
3.749480238184332848e-04
3.722938126884400845e-04
3.694931219797581434e-04
3.682831884361803532e-04
3.647105768322944641e-04
3.658430068753659725e-04
3.651307779364287853e-04
3.635612956713885069e-04
3.650666621979326010e-04
3.639545175246894360e-04
3.634616732597351074e-04
3.646626137197017670e-04
3.647342673502862453e-04
3.677362110465764999e-04
3.704270347952842712e-04
3.750908654183149338e-04
3.721959365066140890e-04
3.694861079566180706e-04
3.653272287920117378e-04
3.637946210801601410e-04
3.653930616565048695e-04
3.733667545020580292e-04
3.766685840673744678e-04
3.755302168428897858e-04
3.670496807899326086e-04
3.583891957532614470e-04
3.540552861522883177e-04
3.571198321878910065e-04
3.630460123531520367e-04
3.676631895359605551e-04
3.643005329649895430e-04
3.587221726775169373e-04
3.558728494681417942e-04
3.573381691239774227e-04
3.634362365119159222e-04
3.646338009275496006e-04
3.628282283898442984e-04
3.620297648012638092e-04
3.703463589772582054e-04
3.792647621594369411e-04
3.778191166929900646e-04
3.718813823070377111e-04
3.719281812664121389e-04
3.748924646060913801e-04
3.735428617801517248e-04
3.640640061348676682e-04
3.690976882353425026e-04
3.747219452634453773e-04
3.826528263743966818e-04
3.890447551384568214e-04
3.912060055881738663e-04
3.756209625862538815e-04
3.680217196233570576e-04
3.639670321717858315e-04
3.600581549108028412e-04
3.631528816185891628e-04
3.682917449623346329e-04
3.589742991607636213e-04
3.500833990983664989e-04
3.499970189295709133e-04
3.477889695204794407e-04
3.449683717917650938e-04
3.475935372989624739e-04
3.478138823993504047e-04
3.468926006462424994e-04
3.489077498670667410e-04
3.489648224785923958e-04
3.522088227327913046e-04
3.556996525730937719e-04
3.619488561525940895e-04
3.650938160717487335e-04
