0.000000000000000000e+00
7.664070930331945419e-03
7.640685886144638062e-03
5.502769257873296738e-03
4.595757927745580673e-03
4.515885841101408005e-03
3.991532605141401291e-03
3.690754063427448273e-03
3.609479870647192001e-03
3.381861140951514244e-03
3.188821021467447281e-03
3.145037684589624405e-03
3.116545733064413071e-03
3.000134136527776718e-03
2.849688287824392319e-03
2.778605092316865921e-03
2.764201723039150238e-03
2.710884204134345055e-03
2.619264181703329086e-03
2.551766578108072281e-03
2.519227564334869385e-03
2.488341182470321655e-03
2.438042778521776199e-03
2.377546858042478561e-03
2.332795877009630203e-03
2.304940251633524895e-03
2.277913037687540054e-03
2.242972841486334801e-03
2.204804215580224991e-03
2.171793021261692047e-03
2.140380209311842918e-03
2.107800217345356941e-03
2.079369500279426575e-03
2.051929710432887077e-03
2.021848456934094429e-03
1.992054050788283348e-03
1.966374460607767105e-03
1.942536211572587490e-03
1.916593872010707855e-03
1.891637686640024185e-03
1.868503517471253872e-03
1.845731865614652634e-03
1.822068705223500729e-03
1.798720448277890682e-03
1.778036123141646385e-03
1.757643884047865868e-03
1.735212514176964760e-03
1.712753437459468842e-03
1.692930469289422035e-03
1.673357910476624966e-03
1.653588842600584030e-03
1.634146552532911301e-03
1.614758512005209923e-03
1.595416804775595665e-03
1.576408511027693748e-03
1.557313138619065285e-03
1.537805190309882164e-03
1.516693504527211189e-03
1.496123848482966423e-03
1.479247119277715683e-03
1.463257241994142532e-03
1.446954673156142235e-03
1.430881675332784653e-03
1.415130216628313065e-03
1.399747328832745552e-03
1.385346986353397369e-03
1.371270045638084412e-03
1.356935012154281139e-03
1.343116862699389458e-03
1.329350052401423454e-03
1.316287554800510406e-03
1.303217257373034954e-03
1.290466170758008957e-03
1.277866074815392494e-03
1.265492290258407593e-03
1.253182766959071159e-03
1.241225050762295723e-03
1.229625428095459938e-03
1.218202291056513786e-03
1.207089051604270935e-03
1.196076860651373863e-03
1.185475848615169525e-03
1.176341553218662739e-03
1.173465279862284660e-03
1.202010549604892731e-03
1.312137814238667488e-03
1.361800357699394226e-03
1.192445168271660805e-03
1.193794305436313152e-03
1.221175887621939182e-03
1.146022812463343143e-03
1.174105564132332802e-03
1.146663562394678593e-03
1.128085772506892681e-03
1.127105206251144409e-03
1.114388694986701012e-03
1.090810168534517288e-03
1.101832371205091476e-03
1.064537907950580120e-03
1.083687879145145416e-03
1.051927334628999233e-03
1.054118620231747627e-03
1.047442550770938396e-03
1.025943784043192863e-03
1.038024085573852062e-03
1.010696869343519211e-03
1.017207163386046886e-03
1.003063283860683441e-03
9.958564769476652145e-04
9.929162915796041489e-04
9.796506492421030998e-04
9.807713795453310013e-04
9.664975805208086967e-04
9.646192193031311035e-04
9.603220969438552856e-04
9.472349192947149277e-04
9.485135669820010662e-04
9.397496469318866730e-04
9.316617506556212902e-04
9.303744300268590450e-04
9.219211060553789139e-04
9.159542387351393700e-04
9.131703991442918777e-04
9.064514888450503349e-04
8.994109230116009712e-04
8.959026890806853771e-04
8.917219820432364941e-04
8.846963755786418915e-04
8.793196175247430801e-04
8.762608049437403679e-04
8.718530880287289619e-04
8.659259765408933163e-04
8.624657057225704193e-04
8.629679214209318161e-04
8.698476012796163559e-04
8.918074890971183777e-04
9.370367042720317841e-04
9.715047199279069901e-04
9.296347270719707012e-04
8.547952165827155113e-04
8.594756945967674255e-04
8.982798899523913860e-04
8.625157061032950878e-04
8.295926963910460472e-04
8.592529920861124992e-04
8.500529802404344082e-04
8.167347405105829239e-04
8.255218854174017906e-04
8.331038989126682281e-04
8.090189658105373383e-04
8.024964481592178345e-04
8.114881347864866257e-04
7.986106793396174908e-04
7.884100778028368950e-04
7.920555653981864452e-04
7.855879375711083412e-04
7.754917023703455925e-04
7.746417541056871414e-04
7.753808749839663506e-04
7.665735902264714241e-04
7.592492620460689068e-04
7.616260554641485214e-04
7.657692767679691315e-04
7.678876863792538643e-04
7.878158940002322197e-04
8.312614518217742443e-04
8.815153269097208977e-04
8.579238783568143845e-04
7.691995124332606792e-04
7.616727962158620358e-04
8.076268713921308517e-04
7.731774239800870419e-04
7.369240047410130501e-04
7.738207350485026836e-04
7.570513407699763775e-04
7.225458975881338120e-04
7.481644861400127411e-04
7.401538896374404430e-04
7.146060233935713768e-04
7.298474665731191635e-04
7.246388122439384460e-04
7.044532103464007378e-04
7.108727004379034042e-04
7.122814422473311424e-04
6.963454070501029491e-04
6.956657161936163902e-04
6.990685942582786083e-04
6.908399518579244614e-04
6.846137112006545067e-04
6.866850308142602444e-04
6.868307827971875668e-04
6.817117100581526756e-04
6.855774554423987865e-04
6.989896064624190331e-04
7.192589109763503075e-04
7.377826841548085213e-04
7.388097001239657402e-04
6.976466393098235130e-04
6.745457067154347897e-04
6.908004870638251305e-04
6.945733912289142609e-04
6.730247987434267998e-04
6.588043179363012314e-04
6.677126511931419373e-04
6.682802923023700714e-04
6.519322632811963558e-04
6.477131973952054977e-04
6.565444055013358593e-04
6.521610775962471962e-04
6.398037075996398926e-04
6.385333836078643799e-04
6.448735948652029037e-04
6.423685699701309204e-04
6.339664105325937271e-04
6.327070295810699463e-04
6.379707483574748039e-04
6.458754651248455048e-04
6.558160530403256416e-04
6.654908647760748863e-04
6.771845510229468346e-04
6.862533628009259701e-04
6.590529228560626507e-04
6.244184332899749279e-04
6.332869525067508221e-04
6.437313859350979328e-04
6.326338043436408043e-04
6.198626942932605743e-04
6.166194216348230839e-04
6.198566406965255737e-04
6.162772770039737225e-04
6.063934415578842163e-04
6.035788683220744133e-04
6.074397242628037930e-04
6.031367811374366283e-04
5.956082604825496674e-04
5.984870949760079384e-04
6.018326384946703911e-04
6.034101243130862713e-04
6.113742711022496223e-04
6.233147578313946724e-04
6.333165219984948635e-04
6.416555261239409447e-04
6.180105265229940414e-04
5.887718871235847473e-04
5.876373033970594406e-04
6.011609220877289772e-04
6.014673854224383831e-04
5.899436655454337597e-04
5.792074371129274368e-04
5.789274582639336586e-04
5.828376743011176586e-04
5.760946078225970268e-04
5.695043364539742470e-04
5.728297401219606400e-04
5.774919991381466389e-04
5.795025499537587166e-04
5.822536186315119267e-04
5.978959961794316769e-04
6.335991201922297478e-04
6.993899005465209484e-04
7.232648204080760479e-04
6.502515752799808979e-04
5.786577239632606506e-04
6.149256369099020958e-04
6.333055207505822182e-04
5.860136589035391808e-04
5.795601755380630493e-04
6.015100516378879547e-04
5.741665954701602459e-04
5.650369566865265369e-04
5.794133758172392845e-04
5.638065631501376629e-04
5.557851400226354599e-04
5.610004300251603127e-04
5.578784039244055748e-04
5.479546380229294300e-04
5.475322832353413105e-04
5.527809262275695801e-04
5.400790250860154629e-04
5.375302280299365520e-04
5.418749642558395863e-04
5.374196334742009640e-04
5.323646473698318005e-04
5.318195908330380917e-04
5.349752027541399002e-04
5.380983348004519939e-04
5.484457942657172680e-04
5.845210980623960495e-04
6.323130801320075989e-04
6.506721256300806999e-04
6.233963649719953537e-04
5.872612819075584412e-04
5.707411328330636024e-04
5.804157117381691933e-04
5.790766444988548756e-04
5.449815653264522552e-04
5.379288922995328903e-04
5.533491494134068489e-04
5.508313770405948162e-04
5.270304973237216473e-04
5.265530780889093876e-04
5.410724552348256111e-04
5.236293654888868332e-04
5.123959272168576717e-04
5.215654382482171059e-04
5.205833585932850838e-04
5.108610494062304497e-04
5.083137657493352890e-04
5.133784725330770016e-04
5.076735978946089745e-04
5.029303720220923424e-04
5.036421352997422218e-04
5.025565042160451412e-04
5.003164988011121750e-04
5.007149884477257729e-04
5.063833668828010559e-04
5.135116516612470150e-04
5.274937138892710209e-04
5.527440225705504417e-04
5.841749953106045723e-04
5.820505903102457523e-04
5.404115654528141022e-04
5.024111596867442131e-04
5.233065458014607430e-04
5.394051549956202507e-04
5.091742496006190777e-04
4.988938453607261181e-04
5.123587325215339661e-04
5.051057087257504463e-04
4.948264686390757561e-04
4.977834178134799004e-04
4.947308916598558426e-04
4.876139573752880096e-04
4.879694315604865551e-04
4.860707558691501617e-04
4.812918487004935741e-04
4.812368133570998907e-04
4.805108474101871252e-04
4.753661341965198517e-04
4.749869694933295250e-04
4.778827424161136150e-04
4.760900046676397324e-04
4.743835306726396084e-04
4.785142373293638229e-04
4.886426031589508057e-04
5.079857073724269867e-04
5.401132511906325817e-04
5.699507310055196285e-04
5.602305755019187927e-04
5.188243230804800987e-04
5.120092537254095078e-04
5.448962328955531120e-04
5.556602845899760723e-04
5.247640074230730534e-04
5.013236659578979015e-04
4.901636275462806225e-04
5.025331629440188408e-04
5.021074321120977402e-04
4.783429612871259451e-04
4.866172967012971640e-04
4.925537505187094212e-04
4.729743232019245625e-04
4.703064914792776108e-04
4.745007026940584183e-04
4.706949403043836355e-04
4.637084202840924263e-04
4.644122382160276175e-04
4.664743319153785706e-04
4.619249375537037849e-04
4.604623536579310894e-04
4.576642531901597977e-04
4.564935807138681412e-04
4.563673574011772871e-04
4.519867652561515570e-04
4.485311219468712807e-04
4.497969930525869131e-04
4.513944149948656559e-04
4.495104658417403698e-04
4.503720847424119711e-04
4.592214245349168777e-04
4.739696159958839417e-04
4.984735860489308834e-04
5.365193355828523636e-04
5.621381569653749466e-04
5.385577678680419922e-04
4.802944022230803967e-04
4.641691630240529776e-04
4.897135077044367790e-04
4.944144748151302338e-04
4.629508475773036480e-04
4.527234705165028572e-04
4.699459532275795937e-04
4.671438073273748159e-04
4.458128823898732662e-04
4.475310561247169971e-04
4.586202558130025864e-04
4.497492336668074131e-04
4.375553398858755827e-04
4.392699338495731354e-04
4.447198589332401752e-04
4.403402563184499741e-04
4.335871199145913124e-04
4.333565011620521545e-04
4.337452701292932034e-04
4.317394341342151165e-04
4.305306938476860523e-04
4.295621183700859547e-04
4.266537143848836422e-04
4.269306082278490067e-04
4.302917513996362686e-04
4.360618768259882927e-04
4.442651697900146246e-04
4.669302143156528473e-04
4.753792600240558386e-04
4.764862242154777050e-04
4.773438849952071905e-04
4.978990182280540466e-04
5.251581314951181412e-04
5.343778757378458977e-04
4.847594536840915680e-04
4.601880791597068310e-04
4.666214808821678162e-04
4.585715651046484709e-04
4.554885672405362129e-04
4.616522928699851036e-04
4.416949523147195578e-04
4.340342711657285690e-04
4.458266193978488445e-04
4.385809879750013351e-04
4.297747218515723944e-04
4.301112785469740629e-04
4.284962487872689962e-04
4.276717954780906439e-04
4.228944890201091766e-04
4.190515610389411449e-04
4.187102895230054855e-04
4.169503226876258850e-04
4.163367557339370251e-04
4.156043287366628647e-04
4.148372681811451912e-04
4.112517926841974258e-04
4.087460401933640242e-04
4.095854237675666809e-04
4.088006098754703999e-04
4.081191436853259802e-04
4.091066657565534115e-04
4.114174225833266973e-04
4.150398017372936010e-04
4.246252356097102165e-04
4.407430533319711685e-04
4.732640227302908897e-04
5.228105001151561737e-04
5.485943984240293503e-04
5.188691429793834686e-04
4.431239212863147259e-04
4.382549668662250042e-04
4.763196338899433613e-04
4.575186758302152157e-04
4.285169707145541906e-04
4.315910337027162313e-04
4.366512293927371502e-04
4.306923365220427513e-04
4.228792968206107616e-04
4.179451498202979565e-04
4.181704425718635321e-04
4.185698926448822021e-04
4.095241602044552565e-04
4.076657933183014393e-04
4.120755475014448166e-04
4.049024719279259443e-04
4.021696222480386496e-04
4.049256385769695044e-04
4.012135323137044907e-04
3.999288310296833515e-04
3.994549333583563566e-04
4.013402503915131092e-04
4.044873348902910948e-04
4.084451938979327679e-04
4.178144154138863087e-04
4.360186285339295864e-04
4.577788931783288717e-04
4.642559215426445007e-04
4.518792848102748394e-04
4.210602492094039917e-04
3.971724945586174726e-04
4.026663955301046371e-04
4.190770850982517004e-04
4.157770890742540359e-04
3.995762381237000227e-04
3.957129083573818207e-04
3.974767751060426235e-04
3.999373293481767178e-04
3.983472706750035286e-04
3.932705731131136417e-04
3.902701137121766806e-04
3.919932642020285130e-04
3.946749493479728699e-04
3.964423667639493942e-04
4.017722094431519508e-04
4.156987415626645088e-04
4.345947818364948034e-04
4.605820868164300919e-04
4.642758867703378201e-04
4.447824030648916960e-04
4.178043454885482788e-04
4.116857599001377821e-04
4.083282256033271551e-04
4.057358892168849707e-04
4.081061924807727337e-04
4.049076233059167862e-04
3.982779453508555889e-04
3.897403366863727570e-04
3.905062330886721611e-04
3.961878246627748013e-04
3.886480117216706276e-04
3.793941286858171225e-04
3.836718969978392124e-04
3.876507980749011040e-04
3.817380347754806280e-04
3.752733464352786541e-04
3.776047960855066776e-04
3.801055136136710644e-04
3.773649805225431919e-04
3.729872987605631351e-04
3.731056058313697577e-04
3.763851127587258816e-04
3.792613861151039600e-04
3.831401409115642309e-04
3.888650971930474043e-04
3.977061132900416851e-04
4.099433717783540487e-04
4.129866720177233219e-04
3.979059401899576187e-04
3.901523305103182793e-04
3.997829626314342022e-04
4.156999639235436916e-04
4.148796433582901955e-04
3.957532462663948536e-04
3.809195477515459061e-04
3.826224128715693951e-04
3.890022344421595335e-04
3.835288225673139095e-04
3.788221511058509350e-04
3.809393383562564850e-04
3.833813534583896399e-04
3.791458439081907272e-04
3.740846586879342794e-04
3.782822750508785248e-04
3.816704265773296356e-04
3.873293171636760235e-04
4.044067463837563992e-04
4.316502599976956844e-04
4.667750035878270864e-04
4.982477985322475433e-04
4.687045002356171608e-04
3.980173205491155386e-04
3.861044242512434721e-04
4.257278924342244864e-04
4.182893317192792892e-04
3.851415531244128942e-04
3.865397884510457516e-04
4.003657959401607513e-04
3.873302775900810957e-04
3.738476661965250969e-04
3.821544814854860306e-04
3.806741442531347275e-04
3.728491428773850203e-04
3.737725783139467239e-04
3.707668220158666372e-04
3.675368789117783308e-04
3.689425648190081120e-04
3.646750119514763355e-04
3.605066449381411076e-04
3.632267471402883530e-04
3.614191373344510794e-04
3.570206463336944580e-04
3.569288528524339199e-04
3.569457912817597389e-04
3.562223573680967093e-04
3.544117207638919353e-04
3.530416579451411963e-04
3.539262688718736172e-04
3.535032738000154495e-04
3.554171416908502579e-04
3.628857375588268042e-04
3.778760728891938925e-04
4.088560817763209343e-04
4.723933525383472443e-04
5.206168862059712410e-04
5.333710578270256519e-04
4.275523533578962088e-04
3.979191533289849758e-04
4.398809687700122595e-04
4.099049256183207035e-04
4.060321953147649765e-04
4.120898665860295296e-04
3.767590387724339962e-04
3.984236100222915411e-04
3.979215980507433414e-04
3.652065061032772064e-04
3.851663204841315746e-04
3.797807730734348297e-04
3.634044842328876257e-04
3.735136706382036209e-04
3.634748863987624645e-04
3.653517633210867643e-04
3.625343088060617447e-04
3.566328377928584814e-04
3.599851625040173531e-04
3.530989051796495914e-04
3.542424819897860289e-04
3.531858674250543118e-04
3.489635419100522995e-04
3.511374234221875668e-04
3.483541077002882957e-04
3.463428001850843430e-04
3.470976080279797316e-04
3.450188960414379835e-04
3.439477877691388130e-04
3.432900120969861746e-04
3.437316045165061951e-04
3.426164621487259865e-04
3.435952530708163977e-04
3.484891203697770834e-04
3.526136861182749271e-04
3.657834604382514954e-04
3.931479877792298794e-04
4.301526932977139950e-04
4.767653881572186947e-04
4.893863224424421787e-04
4.405518993735313416e-04
3.949116799049079418e-04
4.192994383629411459e-04
4.277679254300892353e-04
3.907777718268334866e-04
3.825335297733545303e-04
3.969660901930183172e-04
3.842091537080705166e-04
3.688226861413568258e-04
3.747743903659284115e-04
3.723620320670306683e-04
3.645471297204494476e-04
3.581057244446128607e-04
3.645244287326931953e-04
3.562764613889157772e-04
3.481424064375460148e-04
3.542701888363808393e-04
3.499906451907008886e-04
3.431552904658019543e-04
3.469055518507957458e-04
3.437625127844512463e-04
3.401364665478467941e-04
3.428430645726621151e-04
3.400879213586449623e-04
3.371897619217634201e-04
3.382791765034198761e-04
3.388149780221283436e-04
3.351458290126174688e-04
3.370254707988351583e-04
3.379387489985674620e-04
3.372409264557063580e-04
3.407565527595579624e-04
3.468650975264608860e-04
3.532607224769890308e-04
3.642894735094159842e-04
3.720438980963081121e-04
3.729421587195247412e-04
3.615910536609590054e-04
3.449625219218432903e-04
3.326196456328034401e-04
3.334175271447747946e-04
3.407735785003751516e-04
3.438361454755067825e-04
3.413630183786153793e-04
3.369942423887550831e-04
3.317916707601398230e-04
3.289412125013768673e-04
3.293696790933609009e-04
3.312354383524507284e-04
3.328409220557659864e-04
3.329949686303734779e-04
3.294979105703532696e-04
3.255793708376586437e-04
3.249104775022715330e-04
3.294625203125178814e-04
3.370636550243943930e-04
3.488360089249908924e-04
3.636504407040774822e-04
3.699886146932840347e-04
3.578886971808969975e-04
3.402941802050918341e-04
3.350150946062058210e-04
3.463804605416953564e-04
3.574696602299809456e-04
3.536359581630676985e-04
3.481571329757571220e-04
3.518903395161032677e-04
3.594972076825797558e-04
3.625391400419175625e-04
3.611141000874340534e-04
3.570499829947948456e-04
3.517258446663618088e-04
3.494152915664017200e-04
3.491247480269521475e-04
3.424894530326128006e-04
3.391938516870141029e-04
3.391879145056009293e-04
3.352434723637998104e-04
3.316559595987200737e-04
3.296215436421334743e-04
3.289609157945960760e-04
3.295827191323041916e-04
3.302178229205310345e-04
3.305494028609246016e-04
3.290229651611298323e-04
3.253247705288231373e-04
3.225166001357138157e-04
3.197035694029182196e-04
3.176736645400524139e-04
3.163916990160942078e-04
3.164832596667110920e-04
3.202220250386744738e-04
3.231341543141752481e-04
3.261225938331335783e-04
3.308580198790878057e-04
3.413888625800609589e-04
3.553380665834993124e-04
3.804814768955111504e-04
3.970242687501013279e-04
4.158050287514925003e-04
4.084302054252475500e-04
3.956887521781027317e-04
4.000115150120109320e-04
3.990191034972667694e-04
3.804561856668442488e-04
3.502410254441201687e-04
3.648437559604644775e-04
3.692188474815338850e-04
3.397923137526959181e-04
3.432304365560412407e-04
3.474359400570392609e-04
3.341822302900254726e-04
3.314857603982090950e-04
3.350422193761914968e-04
3.338810929562896490e-04
3.234086907468736172e-04
3.264186088927090168e-04
3.277799114584922791e-04
3.161902714055031538e-04
3.203841624781489372e-04
3.212656010873615742e-04
3.130177501589059830e-04
3.164628869853913784e-04
3.162366338074207306e-04
3.106744261458516121e-04
3.121188492514193058e-04
3.113755665253847837e-04
3.096551226917654276e-04
3.094379499088972807e-04
3.085783100686967373e-04
3.085987991653382778e-04
3.083163755945861340e-04
