0.000000000000000000e+00
6.179799325764179230e-03
5.379817914217710495e-03
4.930602852255105972e-03
3.953794017434120178e-03
3.830582601949572563e-03
3.434519981965422630e-03
3.129290882498025894e-03
3.184727858752012253e-03
3.056823974475264549e-03
2.838008105754852295e-03
2.814322477206587791e-03
2.778407884761691093e-03
2.677264390513300896e-03
2.606517402455210686e-03
2.534877043217420578e-03
2.469014842063188553e-03
2.426481107249855995e-03
2.384741557762026787e-03
2.338535618036985397e-03
2.292367396876215935e-03
2.248755423352122307e-03
2.213885774835944176e-03
2.180212875828146935e-03
2.141637960448861122e-03
2.099551260471343994e-03
2.063430380076169968e-03
2.042948501184582710e-03
2.010984113439917564e-03
1.968265511095523834e-03
1.943545648828148842e-03
1.925902790389955044e-03
1.898739836178719997e-03
1.876067370176315308e-03
1.851261011324822903e-03
1.822200603783130646e-03
1.800576923415064812e-03
1.779576297849416733e-03
1.756604760885238647e-03
1.736010191962122917e-03
1.714455196633934975e-03
1.694471808150410652e-03
1.675427309237420559e-03
1.653735875152051449e-03
1.636459841392934322e-03
1.619939110241830349e-03
1.600577845238149166e-03
1.583737321197986603e-03
1.565380254760384560e-03
1.549900276586413383e-03
1.532776630483567715e-03
1.517015276476740837e-03
1.500863116234540939e-03
1.485368236899375916e-03
1.470325049012899399e-03
1.454214565455913544e-03
1.440627267584204674e-03
1.425959519110620022e-03
1.411602133885025978e-03
1.397440908476710320e-03
1.384018687531352043e-03
1.370285055600106716e-03
1.357414759695529938e-03
1.343972049653530121e-03
1.331125735305249691e-03
1.318495953455567360e-03
1.305776531808078289e-03
1.293525099754333496e-03
1.281522447243332863e-03
1.269808271899819374e-03
1.258271513506770134e-03
1.246917061507701874e-03
1.235523261129856110e-03
1.224713865667581558e-03
1.214743126183748245e-03
1.206304063089191914e-03
1.199903315864503384e-03
1.186473527923226357e-03
1.178828882984817028e-03
1.166454865597188473e-03
1.151156262494623661e-03
1.145832240581512451e-03
1.137737999670207500e-03
1.128298928961157799e-03
1.128534320741891861e-03
1.134166261181235313e-03
1.144754118286073208e-03
1.152772456407546997e-03
1.127086463384330273e-03
1.092422055080533028e-03
1.075651263818144798e-03
1.084664138033986092e-03
1.097683794796466827e-03
1.076962100341916084e-03
1.046559424139559269e-03
1.038311398588120937e-03
1.049478421919047832e-03
1.041811192408204079e-03
1.018485287204384804e-03
1.003826386295258999e-03
1.007888000458478928e-03
1.015940913930535316e-03
1.003198325634002686e-03
9.892614325508475304e-04
9.935505222529172897e-04
1.006367034278810024e-03
1.004509162157773972e-03
9.853788651525974274e-04
9.605896193534135818e-04
9.569437243044376373e-04
9.534453856758773327e-04
9.419615380465984344e-04
9.387484751641750336e-04
9.341776603832840919e-04
9.256158955395221710e-04
9.248222922906279564e-04
9.282164974138140678e-04
9.174125152640044689e-04
9.023142047226428986e-04
9.000826976262032986e-04
9.100181050598621368e-04
9.090922540053725243e-04
8.994340314529836178e-04
8.951300987973809242e-04
8.960914565250277519e-04
8.897845982573926449e-04
8.818462374620139599e-04
8.773376466706395149e-04
8.731315610930323601e-04
8.584919269196689129e-04
8.396279299631714821e-04
8.383168606087565422e-04
8.417074568569660187e-04
8.403742685914039612e-04
8.391028968617320061e-04
8.383448002859950066e-04
8.427595021203160286e-04
8.505612495355308056e-04
8.455680217593908310e-04
8.580011199228465557e-04
8.860506932251155376e-04
8.934100042097270489e-04
8.435402996838092804e-04
8.081888663582503796e-04
8.266763761639595032e-04
8.413451141677796841e-04
8.123117731884121895e-04
7.869248511269688606e-04
8.004083647392690182e-04
8.011417812667787075e-04
7.883039652369916439e-04
7.831053808331489563e-04
7.780352607369422913e-04
7.733465172350406647e-04
7.740464061498641968e-04
7.684293668717145920e-04
7.620767573826014996e-04
7.512065349146723747e-04
7.524848333559930325e-04
7.575404597446322441e-04
7.471178541891276836e-04
7.380917086265981197e-04
7.410894031636416912e-04
7.450784323737025261e-04
7.541310042142868042e-04
7.829981623217463493e-04
8.386573754251003265e-04
8.811278967186808586e-04
8.716293959878385067e-04
7.478578481823205948e-04
7.869149558246135712e-04
8.273418061435222626e-04
7.448700489476323128e-04
7.593585178256034851e-04
7.766847265884280205e-04
7.342569297179579735e-04
7.467572577297687531e-04
7.499826024286448956e-04
7.191921467892825603e-04
7.305647013708949089e-04
7.259426056407392025e-04
7.070092251524329185e-04
7.145699928514659405e-04
7.099152426235377789e-04
6.985511863604187965e-04
7.036034949123859406e-04
6.945031927898526192e-04
6.882922607474029064e-04
6.906540947966277599e-04
6.840791320428252220e-04
6.813189829699695110e-04
6.765936850570142269e-04
6.784612778574228287e-04
6.749366293661296368e-04
6.808021571487188339e-04
7.068837876431643963e-04
7.445508963428437710e-04
8.277992601506412029e-04
8.269692771136760712e-04
7.415207801386713982e-04
6.787765305489301682e-04
7.408934179693460464e-04
7.329316576942801476e-04
6.762321572750806808e-04
7.047615945339202881e-04
7.005221559666097164e-04
6.686583510600030422e-04
6.852549850009381771e-04
6.770465988665819168e-04
6.533744162879884243e-04
6.724990671500563622e-04
6.646960973739624023e-04
6.401455029845237732e-04
6.569753750227391720e-04
6.530918180942535400e-04
6.341722910292446613e-04
6.441698060370981693e-04
6.432254449464380741e-04
6.260557565838098526e-04
6.364505970850586891e-04
6.346532027237117290e-04
6.206409307196736336e-04
6.258274661377072334e-04
6.251347949728369713e-04
6.176200113259255886e-04
6.173417204990983009e-04
6.167298997752368450e-04
6.142108468338847160e-04
6.119782919995486736e-04
6.113972049206495285e-04
6.115348078310489655e-04
6.163000361993908882e-04
6.229361752048134804e-04
6.317522493191063404e-04
6.535131833516061306e-04
6.563318311236798763e-04
6.559997564181685448e-04
6.460410077124834061e-04
6.525069475173950195e-04
6.523758056573569775e-04
6.260897498577833176e-04
6.135172443464398384e-04
6.261821836233139038e-04
6.266398122534155846e-04
6.072503165341913700e-04
5.980115383863449097e-04
6.046289927326142788e-04
6.056373240426182747e-04
5.948862526565790176e-04
5.924259312450885773e-04
5.963359726592898369e-04
5.862653488293290138e-04
5.785198882222175598e-04
5.866598803550004959e-04
5.856584175489842892e-04
5.755214369855821133e-04
5.745297530665993690e-04
5.775553872808814049e-04
5.767621914856135845e-04
5.736221792176365852e-04
5.729370750486850739e-04
5.750907585024833679e-04
5.813271272927522659e-04
5.988102639093995094e-04
6.170288543216884136e-04
6.624994566664099693e-04
6.481418386101722717e-04
6.209908751770853996e-04
5.921279080212116241e-04
5.964682204648852348e-04
6.171094137243926525e-04
6.000198773108422756e-04
5.835373885929584503e-04
5.783041706308722496e-04
5.790576105937361717e-04
5.869588931091129780e-04
5.723636131733655930e-04
5.576583789661526680e-04
5.693212733604013920e-04
5.729793338105082512e-04
5.562119185924530029e-04
5.508097819983959198e-04
5.574972019530832767e-04
5.571359070017933846e-04
5.548336775973439217e-04
5.621101008728146553e-04
5.665223579853773117e-04
5.814250325784087181e-04
6.035831756889820099e-04
6.137731834314763546e-04
5.943708820268511772e-04
5.702234338968992233e-04
5.744526861235499382e-04
5.959901027381420135e-04
6.126576918177306652e-04
5.803783424198627472e-04
5.576217081397771835e-04
5.581178120337426662e-04
5.650148959830403328e-04
5.568224005401134491e-04
5.391752929426729679e-04
5.507538444362580776e-04
5.540138226933777332e-04
5.371079314500093460e-04
5.342315416783094406e-04
5.342889926396310329e-04
5.337694892659783363e-04
5.318722687661647797e-04
5.248778034001588821e-04
5.226426292210817337e-04
5.280337063595652580e-04
5.273664137348532677e-04
5.249528912827372551e-04
5.296136951074004173e-04
5.415851483121514320e-04
5.528249312192201614e-04
5.808432470075786114e-04
5.875461502000689507e-04
5.812215385958552361e-04
5.367884295992553234e-04
5.139810382388532162e-04
5.308202235028147697e-04
5.521100829355418682e-04
5.494973738677799702e-04
5.210022209212183952e-04
5.193722900003194809e-04
5.360538489185273647e-04
5.444154376164078712e-04
5.352615844458341599e-04
5.265011568553745747e-04
5.415149498730897903e-04
5.464768037199974060e-04
5.349172279238700867e-04
5.201695603318512440e-04
5.167077761143445969e-04
5.188860232010483742e-04
5.136710824444890022e-04
5.090085905976593494e-04
5.094436346553266048e-04
5.078497342765331268e-04
5.122834118083119392e-04
5.089971236884593964e-04
5.059891263954341412e-04
5.065858131274580956e-04
5.067442543804645538e-04
4.976714844815433025e-04
4.939834470860660076e-04
4.953838651999831200e-04
4.957421915605664253e-04
4.941283259540796280e-04
4.959437064826488495e-04
5.067560123279690742e-04
5.369900027289986610e-04
5.632820539176464081e-04
5.979660782031714916e-04
5.773255834355950356e-04
5.447911680676043034e-04
5.388181889429688454e-04
5.448260344564914703e-04
5.615290137939155102e-04
5.182800232432782650e-04
5.063560092821717262e-04
5.246687214821577072e-04
5.146812763996422291e-04
5.067595047876238823e-04
4.988105501979589462e-04
4.946622066199779510e-04
4.957957426086068153e-04
4.863610956817865372e-04
4.858903994318097830e-04
4.873530706390738487e-04
4.801727773156017065e-04
4.812670813407748938e-04
4.776908899657428265e-04
4.736513365060091019e-04
4.744473262690007687e-04
4.727389896288514137e-04
4.702592268586158752e-04
4.702903679572045803e-04
4.682293802034109831e-04
4.686915199272334576e-04
4.704715684056282043e-04
4.772142856381833553e-04
4.843635833822190762e-04
5.023319972679018974e-04
5.104989395476877689e-04
5.183526081964373589e-04
5.236101569607853889e-04
5.128831835463643074e-04
5.327927065081894398e-04
5.487272865138947964e-04
5.539813428185880184e-04
5.101083079352974892e-04
4.962151870131492615e-04
5.104175070300698280e-04
5.059513496235013008e-04
4.857435706071555614e-04
4.857461317442357540e-04
4.880820342805236578e-04
4.770683299284428358e-04
4.711273359134793282e-04
4.774484259542077780e-04
4.676932876463979483e-04
4.619613755494356155e-04
4.651091876439750195e-04
4.616620426531881094e-04
4.562821122817695141e-04
4.560415400192141533e-04
4.543460672721266747e-04
4.529771395027637482e-04
4.518737259786576033e-04
4.472149885259568691e-04
4.468039842322468758e-04
4.483390948735177517e-04
4.463367513380944729e-04
4.444383957888931036e-04
4.462465294636785984e-04
4.498237394727766514e-04
4.617002268787473440e-04
4.898940678685903549e-04
5.436119972728192806e-04
6.451285444200038910e-04
6.884727627038955688e-04
6.648999406024813652e-04
5.456984508782625198e-04
5.810857983306050301e-04
6.064376793801784515e-04
5.158369312994182110e-04
5.307942628860473633e-04
5.519804544746875763e-04
5.007766303606331348e-04
5.093203508295118809e-04
5.140574648976325989e-04
4.843456554226577282e-04
4.953979514539241791e-04
4.827995726373046637e-04
4.701855068560689688e-04
4.818615852855145931e-04
4.657948156818747520e-04
4.596703220158815384e-04
4.679416888393461704e-04
4.511027364060282707e-04
4.537365748547017574e-04
4.540843365248292685e-04
4.416014999151229858e-04
4.512567247729748487e-04
4.397972952574491501e-04
4.424833168741315603e-04
4.402149643283337355e-04
4.343419277574867010e-04
4.367635119706392288e-04
4.324033798184245825e-04
4.307631752453744411e-04
4.316379199735820293e-04
4.291312070563435555e-04
4.262596776243299246e-04
4.273515078239142895e-04
4.260836576577275991e-04
4.255819076206535101e-04
4.294151440262794495e-04
4.353555850684642792e-04
4.501352668739855289e-04
4.834476858377456665e-04
5.216582212597131729e-04
5.627394421026110649e-04
5.212858668528497219e-04
4.508198180701583624e-04
4.588203737512230873e-04
5.011374014429748058e-04
4.797175643034279346e-04
4.360013117548078299e-04
4.562236717902123928e-04
4.712724767159670591e-04
4.453712608665227890e-04
4.320492444094270468e-04
4.462457145564258099e-04
4.455258022062480450e-04
4.294383688829839230e-04
4.271294455975294113e-04
4.342164320405572653e-04
4.336800775490701199e-04
4.184328427072614431e-04
4.234271473251283169e-04
4.266026080586016178e-04
4.189890751149505377e-04
4.145826096646487713e-04
4.166183935012668371e-04
4.167629522271454334e-04
4.157295334152877331e-04
4.122473765164613724e-04
4.084119573235511780e-04
4.113302275072783232e-04
4.118676297366619110e-04
4.108412831556051970e-04
4.097148776054382324e-04
4.146681167185306549e-04
4.221958224661648273e-04
4.367227084003388882e-04
4.433919093571603298e-04
4.529355501290410757e-04
4.477459006011486053e-04
4.624447901733219624e-04
4.707992775365710258e-04
5.034139612689614296e-04
5.003103287890553474e-04
4.642425337806344032e-04
4.315653932280838490e-04
4.380620666779577732e-04
4.514645552262663841e-04
4.364023625385016203e-04
4.295741673558950424e-04
4.304562171455472708e-04
4.283896123524755239e-04
4.174486966803669930e-04
4.184845311101526022e-04
4.247660399414598942e-04
4.151207394897937775e-04
4.056607722304761410e-04
4.109310684725642204e-04
4.129692388232797384e-04
4.067057743668556213e-04
4.010381526313722134e-04
4.030425043310970068e-04
4.041139036417007446e-04
3.993736463598906994e-04
3.956684377044439316e-04
3.987911622971296310e-04
3.997523454017937183e-04
4.012464487459510565e-04
4.055072495248168707e-04
4.171422624494880438e-04
4.322440363466739655e-04
4.634988436009734869e-04
4.665871965698897839e-04
4.596404032781720161e-04
4.387308727018535137e-04
4.230114282108843327e-04
4.275508690625429153e-04
4.272036603651940823e-04
4.285998584236949682e-04
4.129695880692452192e-04
4.046771209686994553e-04
4.145666025578975677e-04
4.163449048064649105e-04
4.025193629786372185e-04
3.949762030970305204e-04
4.047508991789072752e-04
4.046777903567999601e-04
3.964227507822215557e-04
3.935012209694832563e-04
3.953935811296105385e-04
3.950745740439742804e-04
3.896280541084706783e-04
3.874819667544215918e-04
3.908005310222506523e-04
3.892627428285777569e-04
3.866853367071598768e-04
3.886209451593458652e-04
3.934886190108954906e-04
4.029599949717521667e-04
4.185214347671717405e-04
4.463705699890851974e-04
4.785042256116867065e-04
4.926572437398135662e-04
4.532141610980033875e-04
4.075169272255152464e-04
4.127898719161748886e-04
4.314063698984682560e-04
4.200355615466833115e-04
4.060860956087708473e-04
4.019340849481523037e-04
4.025577800348401070e-04
4.070700088050216436e-04
4.065748071298003197e-04
3.954943676944822073e-04
3.961411421187222004e-04
4.015739541500806808e-04
4.061040817759931087e-04
4.060624632984399796e-04
4.023710207547992468e-04
4.011190030723810196e-04
4.020011983811855316e-04
3.946594370063394308e-04
3.857814008370041847e-04
3.804470761679112911e-04
3.793462819885462523e-04
3.819652774836868048e-04
3.838835691567510366e-04
3.904736076947301626e-04
3.975272993557155132e-04
4.209874896332621574e-04
4.378160228952765465e-04
4.864180809818208218e-04
4.556713392958045006e-04
4.355569253675639629e-04
4.256161628291010857e-04
4.295639228075742722e-04
4.319165309425443411e-04
4.046006361022591591e-04
4.041750216856598854e-04
4.162425175309181213e-04
4.043275257572531700e-04
3.927706275135278702e-04
3.908891230821609497e-04
3.942749463021755219e-04
3.952612751163542271e-04
3.860678989440202713e-04
3.837765834759920835e-04
3.828730550594627857e-04
3.781766572501510382e-04
3.785938897635787725e-04
3.786973538808524609e-04
3.754964563995599747e-04
3.705861454363912344e-04
3.712055622600018978e-04
3.736893413588404655e-04
3.712054458446800709e-04
3.673212777357548475e-04
3.665456024464219809e-04
3.681445959955453873e-04
3.703659749589860439e-04
3.723404952324926853e-04
3.777061938308179379e-04
3.926108765881508589e-04
4.152194596827030182e-04
4.432903951965272427e-04
4.457563336472958326e-04
4.399036697577685118e-04
4.110923036932945251e-04
4.144186968915164471e-04
4.317066632211208344e-04
4.206597513984888792e-04
4.039497289340943098e-04
4.018433974124491215e-04
4.147344152443110943e-04
3.998322645202279091e-04
3.840218996629118919e-04
3.891475498676300049e-04
3.914509143214672804e-04
3.788652829825878143e-04
3.765354631468653679e-04
3.797342069447040558e-04
3.730370372068136930e-04
3.657345077954232693e-04
3.703217371366918087e-04
3.710590244736522436e-04
3.619694616645574570e-04
3.620019124355167150e-04
3.670408623293042183e-04
3.629578277468681335e-04
3.595875750761479139e-04
3.643307718448340893e-04
3.660420188680291176e-04
3.689614532049745321e-04
3.752571064978837967e-04
3.913377877324819565e-04
4.040851199533790350e-04
4.224134027026593685e-04
4.094656906090676785e-04
3.956685250159353018e-04
3.706776478793472052e-04
3.669098368845880032e-04
3.881978336721658707e-04
3.931297687813639641e-04
3.899976145476102829e-04
3.663168172352015972e-04
3.683264949358999729e-04
3.826188331004232168e-04
3.796094097197055817e-04
3.706899879034608603e-04
3.633867017924785614e-04
3.671692684292793274e-04
3.809017071034759283e-04
3.797842364292591810e-04
3.871509688906371593e-04
3.962381742894649506e-04
4.137155774515122175e-04
4.260858986526727676e-04
4.304135218262672424e-04
4.128022119402885437e-04
3.848196356557309628e-04
3.850336652249097824e-04
3.954488493036478758e-04
3.882985329255461693e-04
3.709217999130487442e-04
3.756433143280446529e-04
3.795685188379138708e-04
3.691741148941218853e-04
3.627512487582862377e-04
3.679351357277482748e-04
3.709742450155317783e-04
3.589194384403526783e-04
3.537902084644883871e-04
3.571805718820542097e-04
3.554389986675232649e-04
3.561401972547173500e-04
3.551951085682958364e-04
3.536012372933328152e-04
3.524713101796805859e-04
3.552576526999473572e-04
3.520344034768640995e-04
3.528934612404555082e-04
3.610526619013398886e-04
3.716691862791776657e-04
3.816070384345948696e-04
3.981592599302530289e-04
4.135406052228063345e-04
4.137697978876531124e-04
4.022783541586250067e-04
3.859908320009708405e-04
3.848819760605692863e-04
3.851508372463285923e-04
3.805232699960470200e-04
3.611689317040145397e-04
3.582299395930022001e-04
3.701014211401343346e-04
3.682323149405419827e-04
3.579764161258935928e-04
3.527330118231475353e-04
3.536551957949995995e-04
3.519984311424195766e-04
3.526195359881967306e-04
3.494313859846442938e-04
3.446810587774962187e-04
3.467717615421861410e-04
3.475957200862467289e-04
3.477900463622063398e-04
3.499451559036970139e-04
3.546290099620819092e-04
3.668772405944764614e-04
3.813602379523217678e-04
4.056938923895359039e-04
4.112138412892818451e-04
4.152890178374946117e-04
4.054439195897430182e-04
3.775799123104661703e-04
3.748721210286021233e-04
3.850807552225887775e-04
3.752097836695611477e-04
3.561747726052999496e-04
3.579050244297832251e-04
3.587545361369848251e-04
3.568641841411590576e-04
3.533713461365550756e-04
3.468526410870254040e-04
3.506458597257733345e-04
3.490141534712165594e-04
3.424304013606160879e-04
3.448461648076772690e-04
3.409287310205399990e-04
3.377622924745082855e-04
3.414930251892656088e-04
3.385607269592583179e-04
3.358715621288865805e-04
3.376006789039820433e-04
3.363940340932458639e-04
3.351581690367311239e-04
3.390136116649955511e-04
3.444959875196218491e-04
3.518328885547816753e-04
3.722512628883123398e-04
3.958985616918653250e-04
4.406799562275409698e-04
4.437214229255914688e-04
4.462519136723130941e-04
3.894570982083678246e-04
3.719864762388169765e-04
3.993879072368144989e-04
4.177663358859717846e-04
3.984181093983352184e-04
3.646786208264529705e-04
3.611895954236388206e-04
3.782063722610473633e-04
3.663412644527852535e-04
3.470774681773036718e-04
3.455452097114175558e-04
3.599936026148498058e-04
3.583328507374972105e-04
3.417383122723549604e-04
3.406850155442953110e-04
3.460975713096559048e-04
3.433666424825787544e-04
3.386069438420236111e-04
3.342248674016445875e-04
3.336585359647870064e-04
3.335663932375609875e-04
3.337010857649147511e-04
3.339800168760120869e-04
3.312891931273043156e-04
3.343549906276166439e-04
3.375848173163831234e-04
3.434335521887987852e-04
3.517008153721690178e-04
3.660389629658311605e-04
3.771655901800841093e-04
