0.000000000000000000e+00
6.224395241588354111e-03
6.200636737048625946e-03
4.462936893105506897e-03
4.453000612556934357e-03
3.751596901565790176e-03
3.526254324242472649e-03
3.408143296837806702e-03
3.238824894651770592e-03
3.054760396480560303e-03
2.948953537270426750e-03
2.865616697818040848e-03
2.762506483122706413e-03
2.684601349756121635e-03
2.634191652759909630e-03
2.555290935561060905e-03
2.490499755367636681e-03
2.439194591715931892e-03
2.378089819103479385e-03
2.314280485734343529e-03
2.268002368509769440e-03
2.222436247393488884e-03
2.171221422031521797e-03
2.124212216585874557e-03
2.076890319585800171e-03
2.045006025582551956e-03
2.019021660089492798e-03
1.979998778551816940e-03
1.939116045832633972e-03
1.908685080707073212e-03
1.876280060969293118e-03
1.847262727096676826e-03
1.819870434701442719e-03
1.794194802641868591e-03
1.767721376381814480e-03
1.740330131724476814e-03
1.716649858281016350e-03
1.694419770501554012e-03
1.671071397140622139e-03
1.650568097829818726e-03
1.629522070288658142e-03
1.607397338375449181e-03
1.586608355864882469e-03
1.568950014188885689e-03
1.550101558677852154e-03
1.530795590952038765e-03
1.513728871941566467e-03
1.496444339863955975e-03
1.478576450608670712e-03
1.462413696572184563e-03
1.446303213015198708e-03
1.430521020665764809e-03
1.414097263477742672e-03
1.399907283484935760e-03
1.385645009577274323e-03
1.371317892335355282e-03
1.356911845505237579e-03
1.343363663181662560e-03
1.330041326582431793e-03
1.316667534410953522e-03
1.304253353737294674e-03
1.291924389079213142e-03
1.280025579035282135e-03
1.268462743610143661e-03
1.258736476302146912e-03
1.255009789019823074e-03
1.277273055166006088e-03
1.339598326012492180e-03
1.397561631165444851e-03
1.253710826858878136e-03
1.257671974599361420e-03
1.294069224968552589e-03
1.199940568767488003e-03
1.265203347429633141e-03
1.203950378112494946e-03
1.200648956000804901e-03
1.206051325425505638e-03
1.152624492533504963e-03
1.189944101497530937e-03
1.131166238337755203e-03
1.159772742539644241e-03
1.127250259742140770e-03
1.121733104810118675e-03
1.121567562222480774e-03
1.093352679163217545e-03
1.103829010389745235e-03
1.080562942661345005e-03
1.076729386113584042e-03
1.073031569831073284e-03
1.053254469297826290e-03
1.056950073689222336e-03
1.044788630679249763e-03
1.031523454003036022e-03
1.035253168083727360e-03
1.018614973872900009e-03
1.011581858620047569e-03
1.011532964184880257e-03
9.956069989129900932e-04
9.915148839354515076e-04
9.883588645607233047e-04
9.767286246642470360e-04
9.709544829092919827e-04
9.676300687715411186e-04
9.613558067940175533e-04
9.568420937284827232e-04
9.599243057891726494e-04
9.792027994990348816e-04
1.016670023091137409e-03
1.043751835823059082e-03
9.856487158685922623e-04
9.237111080437898636e-04
9.524816996417939663e-04
9.655412286520004272e-04
9.148200042545795441e-04
9.150733239948749542e-04
9.357562521472573280e-04
9.046750492416322231e-04
8.932477794587612152e-04
9.079097653739154339e-04
8.871558820828795433e-04
8.731900597922503948e-04
8.832145249471068382e-04
8.745715022087097168e-04
8.590670186094939709e-04
8.576698019169270992e-04
8.591359946876764297e-04
8.517460664734244347e-04
8.461314137093722820e-04
8.542258292436599731e-04
8.711436530575156212e-04
8.854397456161677837e-04
9.096001158468425274e-04
8.911878685466945171e-04
8.434699848294258118e-04
8.342860965058207512e-04
8.637477876618504524e-04
8.588652126491069794e-04
8.117519319057464600e-04
8.347353432327508926e-04
8.501554839313030243e-04
8.075349032878875732e-04
8.118283003568649292e-04
8.195857517421245575e-04
7.998426444828510284e-04
7.951151928864419460e-04
8.006572024896740913e-04
7.904425146989524364e-04
7.783059845678508282e-04
7.831677794456481934e-04
7.754092803224921227e-04
7.694034138694405556e-04
7.698029512539505959e-04
7.616728544235229492e-04
7.600713288411498070e-04
7.576194475404918194e-04
7.497488986700773239e-04
7.459470070898532867e-04
7.440127665176987648e-04
7.430724799633026123e-04
7.401910843327641487e-04
7.392555708065629005e-04
7.527493871748447418e-04
7.864615763537585735e-04
8.401152445003390312e-04
8.805633406154811382e-04
8.297841995954513550e-04
7.443000795319676399e-04
7.596337236464023590e-04
8.041064138524234295e-04
7.599876262247562408e-04
7.260434213094413280e-04
7.611077162437140942e-04
7.458104519173502922e-04
7.120429072529077530e-04
7.320971926674246788e-04
7.281177095137536526e-04
7.013505673967301846e-04
7.132882019504904747e-04
7.136570056900382042e-04
6.948779337108135223e-04
6.964312633499503136e-04
6.993964780122041702e-04
6.931048701517283916e-04
6.942101754248142242e-04
7.068348350003361702e-04
7.316150586120784283e-04
7.564788684248924255e-04
7.816545548848807812e-04
7.396196015179157257e-04
6.875261897221207619e-04
6.988228997215628624e-04
7.190910982899367809e-04
7.003116770647466183e-04
6.838127737864851952e-04
6.844453746452927589e-04
6.804312579333782196e-04
6.832646904513239861e-04
6.701488746330142021e-04
6.605503149330615997e-04
6.689061410725116730e-04
6.635507452301681042e-04
6.533311679959297180e-04
6.517643923871219158e-04
6.524819182232022285e-04
6.511127576231956482e-04
6.430516950786113739e-04
6.380283739417791367e-04
6.386090535670518875e-04
6.365323206409811974e-04
6.353714270517230034e-04
6.357822567224502563e-04
6.330095347948372364e-04
6.334380013868212700e-04
6.450097425840795040e-04
6.732041365467011929e-04
7.208541501313447952e-04
7.313098176382482052e-04
6.786171579733490944e-04
6.396066746674478054e-04
6.552063277922570705e-04
6.764200516045093536e-04
6.555911968462169170e-04
6.269665900617837906e-04
6.462880410254001617e-04
6.516514113172888756e-04
6.273152539506554604e-04
6.207291735336184502e-04
6.300575332716107368e-04
6.254422478377819061e-04
6.176943425089120865e-04
6.120936013758182526e-04
6.138150347396731377e-04
6.149575347080826759e-04
6.119071040302515030e-04
6.119714817032217979e-04
6.237469497136771679e-04
6.393829244188964367e-04
6.460910080932080746e-04
6.501143798232078552e-04
6.421962170861661434e-04
6.138089811429381371e-04
6.025367765687406063e-04
6.042219465598464012e-04
6.024707690812647343e-04
6.095436401665210724e-04
6.103278137743473053e-04
5.965660093352198601e-04
5.869541782885789871e-04
5.844216211698949337e-04
5.865463754162192345e-04
5.890798638574779034e-04
5.899302195757627487e-04
5.809486610814929008e-04
5.739990156143903732e-04
5.747344112023711205e-04
5.761089851148426533e-04
5.750259151682257652e-04
5.707563832402229309e-04
5.685809301212430000e-04
5.698388558812439442e-04
5.817698547616600990e-04
5.979780107736587524e-04
6.201825453899800777e-04
6.121810292825102806e-04
5.917336093261837959e-04
5.673122359439730644e-04
5.705516668967902660e-04
5.883681005798280239e-04
5.809537833556532860e-04
5.634195404127240181e-04
5.630623199976980686e-04
5.841337842866778374e-04
6.047007627785205841e-04
5.976352840662002563e-04
5.964778247289359570e-04
6.086951470933854580e-04
5.874967318959534168e-04
5.618828581646084785e-04
5.793889285996556282e-04
6.193757290020585060e-04
6.357706151902675629e-04
6.148652755655348301e-04
6.257899221964180470e-04
6.399422418326139450e-04
5.902751581743359566e-04
5.670459941029548645e-04
5.874339258298277855e-04
5.822264938615262508e-04
5.769798299297690392e-04
5.618700524792075157e-04
5.515874363481998444e-04
5.616502021439373493e-04
5.545946187339723110e-04
5.449136369861662388e-04
5.480364779941737652e-04
5.400234367698431015e-04
5.350996507331728935e-04
5.367562989704310894e-04
5.341231590136885643e-04
5.298346513882279396e-04
5.269711255095899105e-04
5.238157464191317558e-04
5.239108577370643616e-04
5.210856324993073940e-04
5.195699050091207027e-04
5.187503411434590816e-04
5.169752403162419796e-04
5.189897492527961731e-04
5.195593694224953651e-04
5.198252620175480843e-04
5.234888521954417229e-04
5.298638716340065002e-04
5.368262063711881638e-04
5.398178473114967346e-04
5.461616674438118935e-04
5.528421606868505478e-04
5.495246732607483864e-04
5.552906077355146408e-04
5.605928599834442139e-04
5.761325592175126076e-04
5.807087873108685017e-04
5.686835502274334431e-04
5.410967860370874405e-04
5.279779434204101562e-04
5.407809512689709663e-04
5.362907540984451771e-04
5.209054215811192989e-04
5.208784714341163635e-04
5.209866794757544994e-04
5.147906485944986343e-04
5.092277424409985542e-04
5.116871325299143791e-04
5.102787981741130352e-04
5.031524924561381340e-04
5.005471175536513329e-04
5.013635382056236267e-04
4.984346451237797737e-04
4.956083721481263638e-04
4.962877719663083553e-04
4.939878708682954311e-04
4.904847592115402222e-04
4.904465749859809875e-04
4.909573472104966640e-04
4.927264526486396790e-04
5.009929882362484932e-04
5.210784729570150375e-04
5.579091375693678856e-04
6.161701749078929424e-04
6.555483560077846050e-04
6.283880211412906647e-04
5.610127700492739677e-04
5.578633281402289867e-04
5.881271790713071823e-04
5.577536649070680141e-04
5.460057873278856277e-04
5.551212816499173641e-04
5.308702820912003517e-04
5.336583126336336136e-04
5.343783413991332054e-04
5.200746818445622921e-04
5.241238977760076523e-04
5.066266166977584362e-04
5.096960230730473995e-04
5.108381155878305435e-04
4.969640867784619331e-04
5.017051589675247669e-04
4.941943916492164135e-04
4.939010250382125378e-04
4.898971528746187687e-04
4.859932232648134232e-04
4.830921243410557508e-04
4.828433156944811344e-04
4.816776490770280361e-04
4.779746232088655233e-04
4.732464149128645658e-04
4.743652825709432364e-04
4.709470085799694061e-04
4.703667946159839630e-04
4.687431210186332464e-04
4.676753596868366003e-04
4.672731156460940838e-04
4.661104176193475723e-04
4.646635497920215130e-04
4.652525240089744329e-04
4.690098576247692108e-04
4.763818287756294012e-04
4.921040963381528854e-04
5.191656528040766716e-04
5.570161156356334686e-04
5.733736325055360794e-04
5.514765507541596889e-04
5.114197847433388233e-04
4.953460302203893661e-04
5.086839664727449417e-04
5.046332953497767448e-04
4.862267232965677977e-04
4.873345606029033661e-04
4.871602577622979879e-04
4.797788278665393591e-04
4.766796191688627005e-04
4.749701474793255329e-04
4.677265824284404516e-04
4.658671095967292786e-04
4.657437093555927277e-04
4.621132975444197655e-04
4.598954692482948303e-04
4.606961447279900312e-04
4.580763052217662334e-04
4.529186408035457134e-04
4.512058512773364782e-04
4.526848788373172283e-04
4.538434441201388836e-04
4.506188852246850729e-04
4.484275705181062222e-04
4.494299646466970444e-04
4.535292682703584433e-04
4.554649349302053452e-04
4.610111354850232601e-04
4.736616392619907856e-04
4.860398476012051105e-04
4.903634544461965561e-04
4.834383726119995117e-04
4.691347130574285984e-04
4.588922020047903061e-04
4.550281446427106857e-04
4.609443130902945995e-04
4.655300581362098455e-04
4.633988137356936932e-04
4.598867089953273535e-04
4.566884017549455166e-04
4.598037339746952057e-04
4.681745776906609535e-04
4.645198932848870754e-04
4.579586384352296591e-04
4.603532142937183380e-04
4.616634396370500326e-04
4.583031986840069294e-04
4.590334719978272915e-04
4.561633686535060406e-04
4.506082914303988218e-04
4.472131258808076382e-04
4.479538183659315109e-04
4.438508185558021069e-04
4.442190693225711584e-04
4.539703950285911560e-04
4.608906747307628393e-04
4.681810678448528051e-04
4.760199226438999176e-04
4.800295573659241199e-04
4.704021266661584377e-04
4.659926053136587143e-04
4.606559523381292820e-04
4.559164808597415686e-04
4.542591923382133245e-04
4.536148626357316971e-04
4.512109735514968634e-04
4.458503972273319960e-04
4.366176144685596228e-04
4.314687685109674931e-04
4.371535032987594604e-04
4.411451518535614014e-04
4.381330800242722034e-04
4.395749419927597046e-04
4.410698893480002880e-04
4.410604014992713928e-04
4.490611318033188581e-04
4.638205282390117645e-04
4.723982419818639755e-04
4.672075156122446060e-04
4.539557266980409622e-04
4.403077473398298025e-04
4.406823718454688787e-04
4.600271931849420071e-04
4.683577863033860922e-04
4.676475364249199629e-04
4.597061779350042343e-04
4.602718108799308538e-04
4.674730298575013876e-04
4.653426294680684805e-04
4.542150418274104595e-04
4.377001896500587463e-04
4.392387345433235168e-04
4.487324040383100510e-04
4.415117145981639624e-04
4.329360963311046362e-04
4.376632277853786945e-04
4.385467036627233028e-04
4.330126103013753891e-04
4.292807716410607100e-04
4.323856555856764317e-04
4.292383673600852489e-04
4.240983980707824230e-04
4.232880892232060432e-04
4.202325362712144852e-04
4.167282022535800934e-04
4.175967769697308540e-04
4.181327240075916052e-04
4.142365651205182076e-04
4.129476728849112988e-04
4.146161954849958420e-04
4.146244609728455544e-04
4.168372834101319313e-04
4.237140528857707977e-04
4.368866211734712124e-04
4.604959394782781601e-04
4.873094148933887482e-04
4.960282240062952042e-04
4.754780093207955360e-04
4.408037057146430016e-04
4.331276286393404007e-04
4.626357404049485922e-04
4.656017699744552374e-04
4.383664054330438375e-04
4.174661298748105764e-04
4.264639865141361952e-04
4.305138718336820602e-04
4.197969101369380951e-04
4.191613406874239445e-04
4.205364675726741552e-04
4.183323471806943417e-04
4.148619191255420446e-04
4.102913662791252136e-04
4.089231952093541622e-04
4.113726317882537842e-04
4.070433205924928188e-04
4.048512782901525497e-04
4.065452085342258215e-04
4.071844741702079773e-04
4.087393172085285187e-04
4.146841820329427719e-04
4.255569074302911758e-04
4.395031719468533993e-04
4.631214251276105642e-04
4.798123554792255163e-04
4.829701501876115799e-04
4.578482767101377249e-04
4.253188963048160076e-04
4.208565223962068558e-04
4.486649413593113422e-04
4.590056778397411108e-04
4.425611114129424095e-04
4.285241593606770039e-04
4.270317731425166130e-04
4.300926811993122101e-04
4.279869608581066132e-04
4.188400635030120611e-04
4.104941326659172773e-04
4.110912559553980827e-04
4.142444813624024391e-04
4.086632688995450735e-04
4.020702035631984472e-04
4.039608757011592388e-04
4.025244270451366901e-04
3.992386045865714550e-04
3.991361591033637524e-04
3.955032152589410543e-04
3.924934135284274817e-04
3.952577244490385056e-04
3.961070906370878220e-04
3.956409636884927750e-04
3.953996929340064526e-04
3.971786936745047569e-04
4.053888260386884212e-04
4.189034225419163704e-04
4.401449987199157476e-04
4.610837786458432674e-04
4.724883183371275663e-04
4.504999087657779455e-04
4.196387599222362041e-04
4.051280557177960873e-04
4.100320511497557163e-04
4.213100764900445938e-04
4.174295463599264622e-04
4.059463681187480688e-04
3.985444200225174427e-04
4.023783258162438869e-04
4.070245777256786823e-04
4.094354517292231321e-04
4.146200080867856741e-04
4.254332452546805143e-04
4.374937561806291342e-04
4.528807476162910461e-04
4.427214153110980988e-04
4.161142278462648392e-04
4.013791622128337622e-04
3.972131235059350729e-04
4.006582312285900116e-04
4.042980144731700420e-04
3.996074665337800980e-04
3.924142802134156227e-04
3.903572796843945980e-04
3.899265720974653959e-04
3.864137106575071812e-04
3.856313996948301792e-04
3.863595775328576565e-04
3.868556523229926825e-04
3.843954764306545258e-04
3.804636653512716293e-04
3.786016895901411772e-04
3.800266422331333160e-04
3.827208420261740685e-04
3.868110361509025097e-04
3.910424420610070229e-04
4.007992683909833431e-04
4.131504683755338192e-04
4.274288367014378309e-04
4.282284935470670462e-04
4.217659297864884138e-04
4.040061903651803732e-04
3.939393209293484688e-04
3.987826057709753513e-04
4.062045773025602102e-04
