0.000000000000000000e+00
8.309512399137020111e-03
2.711768075823783875e-02
2.253774926066398621e-02
1.995921134948730469e-02
1.086490228772163391e-02
8.050554431974887848e-03
7.567241787910461426e-03
7.632239721715450287e-03
6.257273256778717041e-03
6.562814116477966309e-03
6.069052033126354218e-03
5.265768617391586304e-03
5.071036051958799362e-03
5.264509469270706177e-03
5.360297858715057373e-03
5.180592648684978485e-03
4.971814341843128204e-03
4.843839909881353378e-03
4.692763090133666992e-03
4.466314800083637238e-03
4.321007523685693741e-03
4.302409943193197250e-03
4.274308215826749802e-03
4.181387834250926971e-03
4.042198415845632553e-03
3.909962717443704605e-03
3.854181617498397827e-03
3.860160242766141891e-03
3.780973842367529869e-03
3.697854466736316681e-03
3.621777519583702087e-03
3.621393349021673203e-03
3.619843861088156700e-03
3.574898466467857361e-03
3.533505368977785110e-03
3.475459991022944450e-03
3.438357263803482056e-03
3.408768912777304649e-03
3.372855950146913528e-03
3.337354864925146103e-03
3.308077808469533920e-03
3.270129207521677017e-03
3.243633545935153961e-03
3.216127632185816765e-03
3.203491447493433952e-03
3.177712438628077507e-03
3.146692179143428802e-03
3.121604910120368004e-03
3.091241000220179558e-03
3.067749552428722382e-03
3.051068400964140892e-03
3.027787432074546814e-03
2.995635150000452995e-03
2.965944586321711540e-03
2.948915120214223862e-03
2.921300008893013000e-03
2.896859776228666306e-03
2.879296429455280304e-03
2.866155235096812248e-03
2.884944435209035873e-03
2.881872234866023064e-03
2.849183510988950729e-03
2.758376067504286766e-03
2.782162977382540703e-03
2.788868732750415802e-03
2.686407417058944702e-03
2.726843114942312241e-03
2.742301207035779953e-03
2.622551051899790764e-03
2.687685890123248100e-03
2.667878288775682449e-03
2.587834838777780533e-03
2.642428036779165268e-03
2.562352688983082771e-03
2.568005817010998726e-03
2.554944017902016640e-03
2.505024429410696030e-03
2.500651869922876358e-03
2.453529275953769684e-03
2.459391718730330467e-03
2.412840491160750389e-03
2.429493237286806107e-03
2.394340932369232178e-03
2.361207734793424606e-03
2.378376433625817299e-03
2.319232327863574028e-03
2.337139565497636795e-03
2.299258951097726822e-03
2.280894666910171509e-03
2.284892369061708450e-03
2.246447373181581497e-03
2.253162441775202751e-03
2.236060798168182373e-03
2.207988407462835312e-03
2.209490165114402771e-03
2.197009511291980743e-03
2.181821502745151520e-03
2.196020912379026413e-03
2.298561390489339828e-03
2.405558247119188309e-03
2.552557503804564476e-03
2.277231309562921524e-03
2.404036931693553925e-03
2.270301338285207748e-03
2.229850040748715401e-03
2.271949779242277145e-03
2.201730152592062950e-03
2.195267006754875183e-03
2.140329219400882721e-03
2.154494402930140495e-03
2.097424119710922241e-03
2.118472009897232056e-03
2.061885315924882889e-03
2.069916343316435814e-03
2.037288388237357140e-03
2.018250990658998489e-03
2.015594160184264183e-03
1.985273091122508049e-03
1.982410438358783722e-03
1.960841473191976547e-03
1.945797586813569069e-03
1.946691772900521755e-03
1.922195544466376305e-03
1.913788262754678726e-03
1.893916516564786434e-03
1.877968548797070980e-03
1.866050064563751221e-03
1.860937802121043205e-03
1.845061196945607662e-03
1.837009331211447716e-03
1.822135411202907562e-03
1.812523463740944862e-03
1.803680555894970894e-03
1.810724847018718719e-03
1.856054994277656078e-03
2.000255975872278214e-03
2.093443181365728378e-03
2.007202012464404106e-03
1.815044670365750790e-03
1.890972140245139599e-03
1.969848060980439186e-03
1.825301907956600189e-03
1.857853494584560394e-03
1.881001051515340805e-03
1.802579849027097225e-03
1.819104887545108795e-03
1.816239207983016968e-03
1.742155989632010460e-03
1.790973125025629997e-03
1.734283519908785820e-03
1.738440128974616528e-03
1.745974528603255749e-03
1.705401344224810600e-03
1.715476508252322674e-03
1.701981644146144390e-03
1.698764972388744354e-03
1.673645689152181149e-03
1.674123806878924370e-03
1.678304281085729599e-03
1.670206896960735321e-03
1.657684682868421078e-03
1.641697599552571774e-03
1.645355951040983200e-03
1.631244784221053123e-03
1.614949898794293404e-03
1.620808150619268417e-03
1.605709898285567760e-03
1.593180932104587555e-03
1.594283618032932281e-03
1.588211394846439362e-03
1.584722544066607952e-03
1.608014339581131935e-03
1.721454551443457603e-03
2.158688614144921303e-03
2.021865919232368469e-03
1.790808048099279404e-03
1.940559479407966137e-03
1.730485120788216591e-03
1.869168831035494804e-03
1.752825453877449036e-03
1.770936883985996246e-03
1.741098938509821892e-03
1.710114418528974056e-03
1.700755674391984940e-03
1.680159708485007286e-03
1.668772427365183830e-03
1.645260257646441460e-03
1.633700449019670486e-03
1.631430583074688911e-03
1.606482081115245819e-03
1.612394116818904877e-03
1.592757878825068474e-03
1.577646471560001373e-03
1.574123278260231018e-03
1.554767019115388393e-03
1.548719592392444611e-03
1.542187528684735298e-03
1.531977206468582153e-03
1.530408160760998726e-03
1.512280083261430264e-03
1.518899342045187950e-03
1.504603773355484009e-03
1.499722595326602459e-03
1.494433498010039330e-03
1.488310517743229866e-03
1.487660454586148262e-03
1.497893012128770351e-03
1.538121956400573254e-03
1.633953652344644070e-03
1.661320216953754425e-03
1.643135212361812592e-03
1.486589666455984116e-03
1.518010511063039303e-03
1.593237277120351791e-03
1.559444586746394634e-03
1.491429517045617104e-03
1.509144436568021774e-03
1.500458456575870514e-03
1.500688493251800537e-03
1.472058123908936977e-03
1.473876414820551872e-03
1.481401734054088593e-03
1.457814942114055157e-03
1.452931901440024376e-03
1.434504520148038864e-03
1.455360557883977890e-03
1.430486096069216728e-03
1.416507177054882050e-03
1.412170939147472382e-03
1.419640961103141308e-03
1.412886893376708031e-03
1.396229257807135582e-03
1.399191329255700111e-03
1.387651078402996063e-03
1.390297315083444118e-03
1.399586908519268036e-03
1.390872756019234657e-03
1.404890557751059532e-03
1.409236341714859009e-03
1.436376944184303284e-03
1.429971656762063503e-03
1.456875703297555447e-03
1.543181831948459148e-03
1.520709483884274960e-03
1.467346213757991791e-03
1.386467367410659790e-03
1.395299797877669334e-03
1.422649947926402092e-03
1.387269003316760063e-03
1.367446500808000565e-03
1.369438134133815765e-03
1.367730088531970978e-03
1.374394516460597515e-03
1.341297989711165428e-03
1.352620311081409454e-03
1.362159848213195801e-03
1.353022060357034206e-03
1.377230975776910782e-03
1.383244409225881100e-03
1.383650931529700756e-03
1.380957895889878273e-03
1.337099587544798851e-03
1.340032438747584820e-03
1.333617488853633404e-03
1.326439203694462776e-03
1.334043219685554504e-03
1.322504365816712379e-03
1.299412106163799763e-03
1.315735746175050735e-03
1.336676417849957943e-03
1.365494797937572002e-03
1.398554071784019470e-03
1.462972257286310196e-03
1.485196873545646667e-03
1.394507242366671562e-03
1.323509728536009789e-03
1.362149952910840511e-03
1.348661724478006363e-03
1.333413529209792614e-03
1.323476317338645458e-03
1.336519606411457062e-03
1.294068875722587109e-03
1.292032655328512192e-03
1.333279302343726158e-03
1.291857799515128136e-03
1.305790152400732040e-03
1.318054972216486931e-03
1.301245763897895813e-03
1.344615127891302109e-03
1.396474195644259453e-03
1.328436424955725670e-03
1.304227625951170921e-03
1.272154157049953938e-03
1.264736987650394440e-03
1.275605289265513420e-03
1.254159491509199142e-03
1.257595489732921124e-03
1.252908259630203247e-03
1.255316077731549740e-03
1.264124410226941109e-03
1.246661064215004444e-03
1.244585844688117504e-03
1.275302842259407043e-03
1.276516704820096493e-03
1.321817981079220772e-03
1.275746151804924011e-03
1.231346279382705688e-03
1.217642682604491711e-03
1.229503657668828964e-03
1.274233916774392128e-03
1.292935106903314590e-03
1.355547225102782249e-03
1.543611055240035057e-03
1.431302167475223541e-03
1.281179022043943405e-03
1.335048815235495567e-03
1.320904004387557507e-03
1.249794848263263702e-03
1.280149212107062340e-03
1.237729564309120178e-03
1.241665682755410671e-03
1.271947985514998436e-03
1.218592515215277672e-03
1.229799818247556686e-03
1.211466034874320030e-03
1.196517376229166985e-03
1.217784360051155090e-03
1.221378799527883530e-03
1.209886628203094006e-03
1.201341277919709682e-03
1.199448714032769203e-03
1.169183175079524517e-03
1.163748092949390411e-03
1.165240770205855370e-03
1.147180330008268356e-03
1.141785411164164543e-03
1.157704973593354225e-03
1.170194009318947792e-03
1.207853900268673897e-03
1.292263274081051350e-03
1.327864360064268112e-03
1.207102090120315552e-03
1.167382346466183662e-03
1.241795951500535011e-03
1.200102618895471096e-03
1.144980895332992077e-03
1.198400044813752174e-03
1.168594928458333015e-03
1.143016153946518898e-03
1.155975973233580589e-03
1.172408810816705227e-03
1.178591395728290081e-03
1.246178871951997280e-03
1.350360806100070477e-03
1.283294172026216984e-03
1.279876334592700005e-03
1.173063647001981735e-03
1.193296629935503006e-03
1.256480347365140915e-03
1.171634765341877937e-03
1.189313828945159912e-03
1.163485692813992500e-03
1.150139956735074520e-03
1.145563088357448578e-03
1.160740852355957031e-03
1.167592825368046761e-03
1.138184568844735622e-03
1.119890715926885605e-03
1.115107326768338680e-03
1.098356442525982857e-03
1.128215342760086060e-03
1.105614355765283108e-03
1.091346144676208496e-03
1.082539558410644531e-03
1.080415793694555759e-03
1.091988757252693176e-03
1.080322079360485077e-03
1.062927069142460823e-03
1.071698381565511227e-03
1.073879888281226158e-03
1.073064864613115788e-03
1.082162372767925262e-03
1.101712696254253387e-03
1.139519736170768738e-03
1.221003476530313492e-03
1.226612832397222519e-03
1.167613081634044647e-03
1.077325898222625256e-03
1.079048844985663891e-03
1.115426653996109962e-03
1.119863591156899929e-03
1.070890459232032299e-03
1.044892473146319389e-03
1.066895318217575550e-03
1.082758768461644650e-03
1.084975083358585835e-03
1.072519575245678425e-03
1.079544890671968460e-03
1.157023943960666656e-03
1.137494575232267380e-03
1.110719749704003334e-03
1.060086302459239960e-03
1.052129548043012619e-03
1.084364019334316254e-03
1.070829457603394985e-03
1.025601057335734367e-03
1.048311823979020119e-03
1.071019796654582024e-03
1.056429231539368629e-03
1.034301472827792168e-03
1.048275968059897423e-03
1.069146557711064816e-03
1.064388081431388855e-03
1.055339700542390347e-03
1.039129914715886116e-03
1.017401693388819695e-03
1.021097647026181221e-03
1.013403758406639099e-03
9.849013295024633408e-04
9.900737786665558815e-04
1.011648913845419884e-03
1.011358574032783508e-03
1.020413590595126152e-03
1.037399983033537865e-03
1.046221703290939331e-03
1.063906936906278133e-03
1.065294025465846062e-03
1.029657083563506603e-03
1.000054879114031792e-03
1.003159559331834316e-03
1.017189119011163712e-03
1.023714896291494370e-03
1.019058749079704285e-03
9.816595120355486870e-04
9.781525004655122757e-04
9.748937445692718029e-04
9.805320296436548233e-04
9.739759261719882488e-04
9.861839935183525085e-04
1.035386463627219200e-03
1.074300496838986874e-03
1.081545138731598854e-03
1.085768104530870914e-03
1.038274145685136318e-03
1.091864658519625664e-03
1.066747470758855343e-03
1.000180142000317574e-03
1.011734711937606335e-03
1.052907551638782024e-03
1.005377387627959251e-03
1.011556596495211124e-03
9.874838870018720627e-04
9.912056848406791687e-04
9.739312808960676193e-04
9.797138627618551254e-04
9.906361810863018036e-04
9.780139662325382233e-04
9.880204452201724052e-04
9.839029517024755478e-04
9.492990793660283089e-04
9.709072182886302471e-04
9.731948375701904297e-04
9.433717932552099228e-04
9.448171476833522320e-04
9.667462436482310295e-04
9.584014187566936016e-04
9.546703658998012543e-04
9.888319764286279678e-04
9.926437633112072945e-04
1.006048871204257011e-03
1.037614885717630386e-03
1.080872141756117344e-03
1.139765838161110878e-03
1.156879356130957603e-03
1.045899931341409683e-03
1.072561484761536121e-03
1.060837763361632824e-03
9.919228032231330872e-04
1.010167412459850311e-03
9.940472664311528206e-04
9.991014376282691956e-04
9.831623174250125885e-04
9.572482667863368988e-04
9.703458053991198540e-04
9.524668566882610321e-04
9.461433510296046734e-04
9.436253458261489868e-04
9.356639347970485687e-04
9.229694260284304619e-04
9.207130642607808113e-04
9.166523814201354980e-04
9.139274479821324348e-04
9.167073294520378113e-04
9.101927280426025391e-04
9.133593994192779064e-04
9.163077338598668575e-04
9.139663306996226311e-04
9.286763961426913738e-04
9.199771448038518429e-04
9.053314570337533951e-04
8.939836989156901836e-04
8.887895382940769196e-04
8.775427704676985741e-04
8.859308436512947083e-04
8.931360207498073578e-04
8.965142769739031792e-04
8.965283050201833248e-04
9.044804610311985016e-04
9.213699377141892910e-04
1.009023166261613369e-03
1.117226434871554375e-03
1.110879937186837196e-03
1.027541118673980236e-03
1.026005949825048447e-03
1.045473152771592140e-03
9.493913967162370682e-04
9.976564906537532806e-04
1.022826414555311203e-03
9.488486684858798981e-04
9.690860169939696789e-04
9.694613399915397167e-04
9.305157000198960304e-04
9.499214356765151024e-04
9.127195808105170727e-04
9.146486409008502960e-04
9.174193255603313446e-04
8.862234535627067089e-04
8.987112669274210930e-04
8.859836379997432232e-04
8.795831236056983471e-04
8.840860100463032722e-04
8.845131378620862961e-04
9.068657527677714825e-04
9.280875092372298241e-04
9.507638169452548027e-04
9.741908870637416840e-04
9.574227733537554741e-04
8.801257936283946037e-04
8.887173607945442200e-04
9.052645182237029076e-04
8.868544828146696091e-04
8.938492974266409874e-04
8.857969660311937332e-04
8.514089859090745449e-04
8.663791231811046600e-04
8.693560957908630371e-04
8.606833289377391338e-04
8.561750291846692562e-04
8.553140796720981598e-04
8.532380452379584312e-04
8.720502955839037895e-04
9.074778645299375057e-04
1.014222973026335239e-03
1.056767301633954048e-03
9.582118946127593517e-04
9.006061591207981110e-04
9.494340047240257263e-04
9.298020740970969200e-04
8.770016720518469810e-04
9.067038772627711296e-04
8.965079905465245247e-04
8.866725256666541100e-04
8.589100325480103493e-04
8.723582141101360321e-04
8.599972352385520935e-04
8.442622493021190166e-04
8.615001570433378220e-04
8.381115039810538292e-04
8.319713524542748928e-04
8.362416992895305157e-04
8.366272668354213238e-04
8.454074850305914879e-04
8.544248412363231182e-04
8.939228719100356102e-04
9.785224683582782745e-04
1.029486767947673798e-03
1.022572629153728485e-03
9.658363997004926205e-04
9.765856666490435600e-04
9.078284492716193199e-04
9.062538738362491131e-04
9.304836275987327099e-04
8.683482883498072624e-04
8.768846164457499981e-04
8.662591571919620037e-04
8.588334312662482262e-04
8.588327909819781780e-04
8.491029730066657066e-04
8.278862806037068367e-04
8.483307319693267345e-04
8.204636978916823864e-04
8.163062157109379768e-04
8.188779465854167938e-04
8.126957109197974205e-04
8.062158012762665749e-04
8.067755261436104774e-04
7.995826890692114830e-04
7.997000357136130333e-04
8.069144096225500107e-04
8.174314862117171288e-04
8.546503959223628044e-04
8.932539494708180428e-04
9.204690577462315559e-04
8.799412753432989120e-04
8.324295631609857082e-04
8.537258836440742016e-04
8.296789601445198059e-04
8.286506636068224907e-04
8.343071676790714264e-04
8.201727177947759628e-04
8.339281193912029266e-04
8.305442752316594124e-04
8.454487542621791363e-04
8.499245159327983856e-04
8.243698976002633572e-04
8.132617222145199776e-04
8.089629700407385826e-04
7.977810455486178398e-04
7.984302937984466553e-04
7.954176981002092361e-04
7.894711452536284924e-04
7.920052739791572094e-04
7.991960155777633190e-04
8.074372308328747749e-04
8.097555255517363548e-04
8.250923128798604012e-04
8.637478458695113659e-04
9.270798182114958763e-04
9.073188412003219128e-04
8.203126490116119385e-04
8.192103123292326927e-04
8.501791744492948055e-04
8.322342182509601116e-04
8.342195069417357445e-04
8.749753469601273537e-04
8.695186115801334381e-04
8.781270007602870464e-04
8.754149894230067730e-04
8.317664032801985741e-04
8.258211892098188400e-04
8.342068176716566086e-04
8.003136026673018932e-04
7.919261115603148937e-04
8.081697742454707623e-04
7.818121230229735374e-04
7.820707978680729866e-04
7.902784273028373718e-04
7.644040742889046669e-04
7.745764451101422310e-04
7.712349761277437210e-04
7.620085380040109158e-04
7.725432515144348145e-04
7.728094933554530144e-04
7.827507797628641129e-04
8.308131946250796318e-04
9.093191474676132202e-04
1.005117432214319706e-03
9.266654960811138153e-04
8.315941086038947105e-04
8.568344637751579285e-04
9.429504862055182457e-04
8.975729579105973244e-04
8.327505784109234810e-04
8.515045046806335449e-04
8.698875317350029945e-04
8.487321902066469193e-04
8.006308926269412041e-04
8.349148556590080261e-04
8.248544181697070599e-04
8.011570898815989494e-04
7.932013832032680511e-04
8.084685541689395905e-04
7.969874422997236252e-04
7.686337339691817760e-04
7.709645433351397514e-04
7.712445221841335297e-04
7.684716256335377693e-04
3.404377400875091553e-02
1.697438955307006836e-02
9.337970986962318420e-03
9.014423005282878876e-03
7.556329481303691864e-03
6.289903074502944946e-03
5.579295568168163300e-03
5.109987687319517136e-03
4.758917726576328278e-03
4.533661529421806335e-03
4.373853094875812531e-03
4.296450875699520111e-03
4.234890453517436981e-03
4.156866110861301422e-03
4.028814844787120819e-03
3.853093599900603294e-03
3.739039180800318718e-03
3.685873700305819511e-03
3.597170114517211914e-03
3.478432772681117058e-03
3.369682468473911285e-03
3.282732795923948288e-03
3.224536543712019920e-03
3.184971166774630547e-03
3.123186295852065086e-03
3.059400245547294617e-03
3.005968406796455383e-03
2.954271389171481133e-03
2.909939736127853394e-03
2.867172937840223312e-03
2.814928768202662468e-03
2.766777295619249344e-03
2.733953064307570457e-03
2.704439219087362289e-03
2.667889697477221489e-03
2.627493813633918762e-03
2.590653486549854279e-03
2.553488127887248993e-03
2.523676026612520218e-03
2.504937350749969482e-03
2.471799496561288834e-03
2.436459762975573540e-03
2.406907267868518829e-03
2.379173878580331802e-03
2.355671254917979240e-03
2.326490357518196106e-03
2.293458441272377968e-03
2.267326228320598602e-03
2.242630347609519958e-03
2.223428338766098022e-03
2.208391670137643814e-03
2.218927489593625069e-03
2.305476926267147064e-03
2.375548239797353745e-03
2.233596518635749817e-03
2.109347609803080559e-03
2.219745889306068420e-03
2.099810633808374405e-03
2.100100740790367126e-03
2.113933442160487175e-03
2.013723831623792648e-03
2.066959161311388016e-03
1.992432866245508194e-03
1.983214402571320534e-03
1.993169542402029037e-03
1.928230049088597298e-03
1.945392927154898643e-03
1.932194223627448082e-03
1.882531447336077690e-03
1.896905130706727505e-03
1.883959746919572353e-03
1.840019016526639462e-03
1.836093491874635220e-03
1.844698912464082241e-03
1.807091990485787392e-03
1.784533611498773098e-03
1.791028538718819618e-03
1.786372624337673187e-03
1.761747873388230801e-03
1.737094949930906296e-03
1.720653381198644638e-03
1.716701081022620201e-03
1.723043387755751610e-03
1.756233978085219860e-03
1.830642111599445343e-03
1.901750452816486359e-03
1.758985687047243118e-03
1.677335589192807674e-03
1.743359956890344620e-03
1.722565619274973869e-03
1.681124209426343441e-03
1.673421589657664299e-03
1.652277307584881783e-03
1.676695654168725014e-03
1.634229789488017559e-03
1.610589912161231041e-03
1.649411744438111782e-03
1.596061745658516884e-03
1.576380571350455284e-03
1.614871900528669357e-03
1.573612680658698082e-03
1.546345534734427929e-03
1.568964566104114056e-03
1.552032539620995522e-03
1.518866280093789101e-03
1.533200382255017757e-03
1.530874869786202908e-03
1.502778730355203152e-03
1.508934888988733292e-03
1.525384141132235527e-03
1.585059217177331448e-03
1.703668269328773022e-03
1.775607932358980179e-03
1.540179713629186153e-03
1.536310650408267975e-03
1.613609492778778076e-03
1.501526683568954468e-03
1.532232738099992275e-03
1.510884962044656277e-03
1.473801210522651672e-03
1.490453956648707390e-03
1.454238314181566238e-03
1.464230706915259361e-03
1.430781325325369835e-03
1.416610437445342541e-03
1.434523030184209347e-03
1.405730843544006348e-03
1.386876567266881466e-03
1.402607536874711514e-03
1.383651047945022583e-03
1.382856396958231926e-03
1.427648472599685192e-03
1.458821818232536316e-03
1.530866487883031368e-03
1.516069285571575165e-03
1.384642440825700760e-03
1.351380720734596252e-03
1.442259992472827435e-03
1.391087193042039871e-03
1.313371583819389343e-03
1.367927761748433113e-03
1.365549396723508835e-03
1.314207212999463081e-03
1.316052395850419998e-03
1.318395370617508888e-03
1.312983687967061996e-03
1.308573177084326744e-03
1.289330306462943554e-03
1.314130029641091824e-03
1.357227331027388573e-03
1.391961704939603806e-03
1.388258649967610836e-03
1.347009791061282158e-03
1.266426290385425091e-03
1.326053403317928314e-03
1.327241654507815838e-03
1.248344546183943748e-03
1.295867608860135078e-03
1.271557062864303589e-03
1.237557036802172661e-03
1.266240607947111130e-03
1.228911918587982655e-03
1.227597473189234734e-03
1.247055828571319580e-03
1.204794738441705704e-03
1.229200279340147972e-03
1.212865347042679787e-03
1.192754018120467663e-03
1.206597778946161270e-03
1.204863190650939941e-03
1.207087538205087185e-03
1.261443132534623146e-03
1.307179569266736507e-03
1.371622784063220024e-03
1.305474666878581047e-03
1.241191872395575047e-03
1.222563441842794418e-03
1.243453938513994217e-03
1.259957323782145977e-03
1.186336157843470573e-03
1.179969869554042816e-03
1.222363556735217571e-03
1.186292851343750954e-03
1.187430229038000107e-03
1.163685927167534828e-03
1.155179576016962528e-03
1.166521571576595306e-03
1.156440353952348232e-03
1.128813717514276505e-03
1.132996636442840099e-03
1.122774439863860607e-03
1.128778094425797462e-03
1.132696284912526608e-03
1.120224362239241600e-03
1.112045953050255775e-03
1.112828380428254604e-03
1.113084843382239342e-03
1.118322717957198620e-03
1.125900307670235634e-03
1.161440159194171429e-03
1.170329167507588863e-03
1.163092791102826595e-03
1.120764180086553097e-03
1.144297770224511623e-03
1.172218122519552708e-03
1.163957640528678894e-03
1.115917460992932320e-03
1.085137366317212582e-03
1.107438700273633003e-03
1.111706718802452087e-03
1.067363889887928963e-03
1.069852616637945175e-03
1.094247098080813885e-03
1.075215288437902927e-03
1.053086132742464542e-03
1.069457619450986385e-03
1.101464033126831055e-03
1.105578965507447720e-03
1.141968183219432831e-03
1.136834151111543179e-03
1.116082421503961086e-03
1.097694737836718559e-03
1.099211629480123520e-03
1.076394924893975258e-03
1.074510160833597183e-03
1.069734804332256317e-03
1.055669737979769707e-03
1.045799930579960346e-03
1.058935653418302536e-03
1.056707464158535004e-03
1.034920103847980499e-03
1.039084745571017265e-03
1.033561071380972862e-03
1.037023379467427731e-03
1.043954631313681602e-03
1.069649937562644482e-03
1.132445759139955044e-03
1.243667444214224815e-03
1.241276971995830536e-03
1.140296459197998047e-03
1.045574899762868881e-03
1.078958506695926189e-03
1.112511381506919861e-03
1.052837818861007690e-03
1.023326069116592407e-03
1.047813449986279011e-03
1.049647922627627850e-03
1.013193395920097828e-03
1.008046674542129040e-03
1.005625585094094276e-03
1.001310651190578938e-03
9.971777908504009247e-04
9.906599298119544983e-04
9.934538975358009338e-04
9.894353570416569710e-04
9.817556710913777351e-04
9.820469422265887260e-04
9.775374783203005791e-04
9.803685825318098068e-04
1.003941521048545837e-03
1.090998179279267788e-03
1.189447008073329926e-03
1.218209974467754364e-03
1.034489134326577187e-03
1.097639673389494419e-03
1.079850248061120510e-03
1.036952948197722435e-03
1.045199809595942497e-03
1.024534227326512337e-03
1.027230173349380493e-03
9.894410613924264908e-04
1.006449107080698013e-03
1.007542829029262066e-03
9.668171405792236328e-04
9.978435700759291649e-04
9.777148952707648277e-04
9.610811248421669006e-04
9.879879653453826904e-04
9.848307818174362183e-04
9.922262979671359062e-04
1.002778648398816586e-03
1.011625281535089016e-03
9.996611624956130981e-04
9.675197070464491844e-04
9.263601386919617653e-04
9.437472326681017876e-04
9.632514556869864464e-04
9.703456307761371136e-04
9.761162800714373589e-04
9.555229917168617249e-04
9.301160462200641632e-04
9.296258795075118542e-04
9.519821032881736755e-04
9.408612968400120735e-04
9.162788046523928642e-04
9.049618383869528770e-04
9.033663081936538219e-04
9.121153270825743675e-04
9.148850804194808006e-04
9.160911431536078453e-04
9.188880212604999542e-04
9.407849865965545177e-04
9.275318006984889507e-04
9.459853172302246094e-04
1.020069932565093040e-03
1.150484313257038593e-03
1.123561407439410686e-03
1.010409323498606682e-03
9.951773099601268768e-04
9.920395677909255028e-04
9.913749527186155319e-04
9.627292165532708168e-04
9.475009283050894737e-04
9.385609882883727551e-04
9.399628033861517906e-04
9.172001737169921398e-04
9.175119921565055847e-04
8.985995082184672356e-04
9.135414147749543190e-04
8.871116442605853081e-04
8.868401637300848961e-04
8.854395709931850433e-04
8.785929530858993530e-04
8.796877227723598480e-04
8.787492988631129265e-04
8.688244852237403393e-04
8.541472489014267921e-04
8.617359562776982784e-04
8.598279091529548168e-04
8.679862949065864086e-04
8.807749836705625057e-04
9.122772607952356339e-04
9.696078486740589142e-04
1.029577455483376980e-03
9.843623265624046326e-04
9.146928205154836178e-04
9.500004816800355911e-04
1.005330821499228477e-03
9.021339938044548035e-04
9.094205452129244804e-04
9.251435985788702965e-04
8.680903702042996883e-04
9.161932393908500671e-04
8.754404261708259583e-04
8.768299012444913387e-04
8.953640935942530632e-04
8.724717190489172935e-04
8.918716339394450188e-04
8.810869185253977776e-04
9.173579746857285500e-04
9.105232311412692070e-04
9.022359736263751984e-04
8.632462704554200172e-04
8.374457247555255890e-04
8.594125392846763134e-04
8.499436080455780029e-04
8.608027710579335690e-04
8.495153160765767097e-04
8.491458138450980186e-04
8.626896305941045284e-04
8.565929601900279522e-04
8.370201103389263153e-04
8.204189362004399300e-04
8.183176396414637566e-04
8.383308304473757744e-04
8.301289635710418224e-04
8.191721281036734581e-04
8.067131857387721539e-04
8.163213497027754784e-04
8.419199730269610882e-04
8.803968667052686214e-04
8.744235383346676826e-04
8.613361278548836708e-04
8.957484969869256020e-04
9.042939636856317520e-04
9.032121743075549603e-04
8.846311829984188080e-04
8.851980674080550671e-04
8.647289942018687725e-04
8.458540542051196098e-04
8.519187103956937790e-04
8.318756590597331524e-04
8.118837140500545502e-04
8.232695981860160828e-04
8.273799321614205837e-04
7.991594611667096615e-04
7.994998595677316189e-04
7.960106595419347286e-04
7.950939470902085304e-04
7.883251528255641460e-04
7.789068622514605522e-04
7.888518157415091991e-04
7.868123939260840416e-04
7.815851131454110146e-04
7.991334423422813416e-04
8.197993738576769829e-04
8.678029989823698997e-04
9.451946243643760681e-04
9.351127082481980324e-04
8.259009337052702904e-04
8.449269225820899010e-04
9.027441265061497688e-04
8.563140290789306164e-04
8.451642352156341076e-04
8.645597263239324093e-04
8.086978923529386520e-04
8.144197054207324982e-04
8.223283803090453148e-04
8.040838874876499176e-04
8.005690760910511017e-04
7.848059176467359066e-04
7.824468775652348995e-04
7.783455657772719860e-04
7.768537616357207298e-04
7.828121306374669075e-04
7.807128131389617920e-04
7.916948525235056877e-04
8.215635316446423531e-04
8.308873511850833893e-04
8.580919238738715649e-04
8.931881166063249111e-04
8.715537842363119125e-04
8.842670358717441559e-04
9.051273809745907784e-04
8.286131778731942177e-04
7.907410617917776108e-04
8.324523223564028740e-04
8.094563963823020458e-04
7.800374878570437431e-04
8.053427445702254772e-04
7.937640766613185406e-04
7.584204431623220444e-04
7.792162941768765450e-04
7.716432446613907814e-04
7.639931282028555870e-04
7.488637929782271385e-04
7.604881539009511471e-04
7.523632957600057125e-04
7.410889375023543835e-04
7.441734778694808483e-04
7.527307607233524323e-04
7.518931524828076363e-04
7.444037473760545254e-04
7.505530957132577896e-04
7.665856974199414253e-04
8.055154467001557350e-04
7.835069554857909679e-04
7.575349882245063782e-04
7.680162671022117138e-04
7.749038632027804852e-04
7.511024596169590950e-04
7.473111618310213089e-04
7.513151504099369049e-04
7.387594087049365044e-04
7.179725798778235912e-04
7.264402229338884354e-04
7.339254952967166901e-04
7.247689645737409592e-04
7.256352109834551811e-04
7.346716593019664288e-04
7.625386351719498634e-04
8.153491653501987457e-04
8.132733637467026711e-04
8.098263642750680447e-04
7.776409620419144630e-04
7.495765457861125469e-04
7.659926777705550194e-04
7.746051996946334839e-04
7.346455240622162819e-04
7.292503723874688148e-04
7.538142381235957146e-04
7.503518136218190193e-04
7.040018099360167980e-04
7.292596856132149696e-04
7.442656788043677807e-04
7.233222713693976402e-04
7.184289279393851757e-04
7.352334214374423027e-04
7.247991743497550488e-04
7.278927369043231010e-04
7.542952662333846092e-04
8.384719258174300194e-04
1.023146789520978928e-03
1.253803377039730549e-03
1.053677406162023544e-03
8.976509561762213707e-04
9.728061850182712078e-04
8.757418836466968060e-04
9.107472142204642296e-04
8.516807574778795242e-04
8.558257250115275383e-04
8.532261708751320839e-04
8.136035758070647717e-04
8.208890212699770927e-04
7.938941707834601402e-04
7.887951796874403954e-04
7.797307334840297699e-04
7.603514241054654121e-04
7.635661750100553036e-04
7.561154197901487350e-04
7.365266792476177216e-04
7.482077926397323608e-04
7.313324604183435440e-04
7.262858562171459198e-04
7.288992637768387794e-04
7.121108355931937695e-04
7.087187259458005428e-04
7.139085792005062103e-04
7.064530509524047375e-04
6.970468675717711449e-04
6.929761730134487152e-04
6.921898457221686840e-04
6.908571231178939342e-04
6.846740725450217724e-04
6.794268265366554260e-04
6.791357882320880890e-04
6.832409417256712914e-04
6.810433114878833294e-04
6.901092710904777050e-04
7.072595180943608284e-04
7.589549641124904156e-04
7.287423359230160713e-04
6.944350316189229488e-04
6.997113814577460289e-04
7.195257348939776421e-04
6.868153577670454979e-04
6.788721657358109951e-04
6.917027058079838753e-04
6.873153033666312695e-04
6.793226348236203194e-04
6.778356619179248810e-04
6.787381134927272797e-04
6.718534277752041817e-04
6.667635752819478512e-04
6.718634394928812981e-04
6.727227009832859039e-04
6.687956629320979118e-04
6.687149871140718460e-04
6.919400766491889954e-04
7.390612736344337463e-04
7.991066086106002331e-04
8.443285478278994560e-04
7.526149274781346321e-04
6.846105097793042660e-04
7.150691817514598370e-04
7.217774982564151287e-04
6.923387991264462471e-04
6.916858255863189697e-04
7.041257340461015701e-04
6.804107106290757656e-04
6.721680983901023865e-04
6.980955367907881737e-04
6.825390155427157879e-04
6.671992014162242413e-04
6.857751286588609219e-04
6.856190739199519157e-04
6.587893003597855568e-04
6.736788782291114330e-04
6.738466909155249596e-04
6.566873635165393353e-04
6.723368423990905285e-04
6.725306157022714615e-04
6.615148740820586681e-04
6.695737829431891441e-04
6.926249479874968529e-04
6.952552939765155315e-04
7.679829723201692104e-04
7.677133544348180294e-04
7.156300125643610954e-04
7.011698908172547817e-04
6.868873024359345436e-04
6.883312016725540161e-04
6.878210115246474743e-04
6.729184533469378948e-04
6.676650373265147209e-04
6.521269679069519043e-04
6.581653724424540997e-04
6.566749652847647667e-04
6.633747252635657787e-04
6.689738947898149490e-04
6.548165110871195793e-04
6.607372197322547436e-04
6.534684216603636742e-04
6.502873729914426804e-04
6.378656253218650818e-04
6.380325648933649063e-04
6.318488158285617828e-04
6.324685527943074703e-04
6.341877742670476437e-04
6.353458156809210777e-04
6.437968113459646702e-04
6.492790998890995979e-04
6.713062757626175880e-04
7.047274848446249962e-04
7.196415681391954422e-04
6.979253957979381084e-04
6.546123768202960491e-04
6.615125457756221294e-04
6.810589693486690521e-04
6.605348316952586174e-04
6.514225387945771217e-04
6.463995669037103653e-04
6.614642916247248650e-04
6.438007112592458725e-04
6.396509706974029541e-04
6.346771260723471642e-04
6.402486469596624374e-04
6.389375193975865841e-04
6.509923841804265976e-04
6.790153565816581249e-04
7.373301195912063122e-04
7.576768985018134117e-04
7.616344373673200607e-04
6.920122541487216949e-04
6.801385316066443920e-04
6.762431003153324127e-04
6.867172196507453918e-04
6.702811224386096001e-04
6.589584518224000931e-04
6.757571827620267868e-04
6.522473413497209549e-04
6.435769610106945038e-04
6.552738486789166927e-04
6.578435422852635384e-04
6.795632070861756802e-04
7.128709694370627403e-04
6.651007570326328278e-04
6.452759262174367905e-04
6.577060557901859283e-04
6.492544198408722878e-04
6.288247532211244106e-04
6.359160179272294044e-04
6.257398054003715515e-04
6.338179227896034718e-04
6.147858221083879471e-04
6.136483279988169670e-04
6.122002378106117249e-04
6.125508225522935390e-04
6.112071569077670574e-04
6.074212724342942238e-04
6.113458075560629368e-04
6.016056286171078682e-04
6.088706431910395622e-04
6.098953308537602425e-04
6.274669431149959564e-04
6.247880519367754459e-04
6.234718021005392075e-04
6.253601750358939171e-04
6.439803983084857464e-04
6.629613926634192467e-04
6.922767497599124908e-04
7.616563234478235245e-04
7.827198132872581482e-04
8.119996637105941772e-04
7.780952146276831627e-04
6.966948276385664940e-04
7.194701465778052807e-04
7.584722479805350304e-04
6.643254309892654419e-04
7.166233845055103302e-04
7.099029025994241238e-04
6.584147922694683075e-04
6.894149701111018658e-04
6.456883857026696205e-04
6.526919896714389324e-04
6.522639887407422066e-04
6.296503124758601189e-04
6.369896000251173973e-04
6.239289068616926670e-04
6.198257906362414360e-04
6.198030314408242702e-04
6.075915298424661160e-04
6.106392247602343559e-04
5.973983206786215305e-04
6.023821188136935234e-04
5.976023385301232338e-04
5.948818288743495941e-04
5.886749713681638241e-04
5.895097274333238602e-04
5.877104704268276691e-04
5.986469914205372334e-04
6.121735787019133568e-04
6.352716591209173203e-04
6.510217790491878986e-04
6.290266173891723156e-04
6.149307009764015675e-04
6.339484825730323792e-04
6.163653451949357986e-04
5.923614371567964554e-04
6.051047239452600479e-04
6.024909671396017075e-04
5.948345642536878586e-04
5.987613694742321968e-04
5.936230299994349480e-04
5.799471982754766941e-04
5.838773213326931000e-04
5.860334495082497597e-04
5.910989711992442608e-04
6.208927370607852936e-04
6.355377845466136932e-04
6.184068042784929276e-04
5.945304292254149914e-04
5.880810203962028027e-04
6.072255782783031464e-04
6.032679812051355839e-04
5.743932561017572880e-04
5.912927445024251938e-04
6.045066984370350838e-04
5.764088127762079239e-04
5.968937184661626816e-04
5.893061170354485512e-04
5.808080313727259636e-04
5.810881266370415688e-04
5.717305466532707214e-04
5.881119868718087673e-04
5.698627792298793793e-04
5.768709816038608551e-04
5.819919169880449772e-04
5.843706894665956497e-04
6.091780960559844971e-04
6.293687038123607635e-04
6.275933119468390942e-04
5.932995118200778961e-04
5.953980726189911366e-04
6.140667246654629707e-04
5.839774385094642639e-04
5.783263477496802807e-04
5.973747465759515762e-04
5.816542543470859528e-04
5.901327822357416153e-04
6.035773549228906631e-04
6.026243790984153748e-04
6.206732359714806080e-04
6.260969676077365875e-04
6.167843239381909370e-04
6.185120437294244766e-04
6.159431650303304195e-04
6.061146268621087074e-04
6.136305164545774460e-04
6.239252397790551186e-04
5.784357199445366859e-04
5.870471941307187080e-04
5.873687332496047020e-04
5.860309465788304806e-04
5.874511552974581718e-04
5.858847871422767639e-04
5.743428482674062252e-04
5.713963182643055916e-04
5.647909129038453102e-04
5.668455269187688828e-04
5.646598292514681816e-04
5.541089922189712524e-04
5.489292670972645283e-04
5.509447655640542507e-04
5.418747314251959324e-04
5.456788348965346813e-04
5.593195674009621143e-04
5.682940827682614326e-04
5.862194811925292015e-04
5.980225978419184685e-04
5.918234819546341896e-04
5.663527990691363811e-04
5.560858407989144325e-04
5.839394871145486832e-04
6.140122422948479652e-04
5.937954410910606384e-04
5.639204755425453186e-04
5.652941181324422359e-04
5.893922061659395695e-04
6.098385201767086983e-04
5.874822381883859634e-04
5.831150920130312443e-04
5.718814791180193424e-04
5.627025384455919266e-04
5.567887565121054649e-04
5.517851095646619797e-04
5.485777510330080986e-04
5.429197917692363262e-04
5.532437353394925594e-04
5.561501020565629005e-04
5.426621064543724060e-04
5.444386624731123447e-04
5.676113069057464600e-04
5.360642680898308754e-04
5.388493882492184639e-04
5.519707337953150272e-04
5.603789468295872211e-04
5.951417842879891396e-04
6.421180441975593567e-04
6.918843719176948071e-04
6.760577089153230190e-04
6.459559663198888302e-04
5.951838102191686630e-04
6.077811704017221928e-04
6.094137206673622131e-04
5.708936369046568871e-04
5.629758816212415695e-04
5.837104981765151024e-04
5.884555866941809654e-04
5.679057794623076916e-04
5.648444639518857002e-04
5.673703271895647049e-04
5.541821592487394810e-04
5.551293725147843361e-04
5.513679934665560722e-04
5.418218788690865040e-04
5.528661422431468964e-04
5.356440669856965542e-04
5.344843957573175430e-04
5.306454841047525406e-04
5.272823618724942207e-04
5.299570038914680481e-04
5.178203573450446129e-04
5.163240712136030197e-04
5.218104342930018902e-04
5.133012309670448303e-04
5.228248191997408867e-04
5.404194234870374203e-04
5.905113648623228073e-04
5.967289325781166553e-04
5.627759965136647224e-04
5.267221713438630104e-04
5.548339104279875755e-04
5.662152543663978577e-04
5.502048297785222530e-04
6.020626751706004143e-04
6.578827160410583019e-04
6.651009898632764816e-04
7.129536825232207775e-04
7.221428677439689636e-04
6.178311305120587349e-04
5.592181114479899406e-04
6.253978936001658440e-04
5.808850983157753944e-04
5.646079080179333687e-04
5.740602500736713409e-04
5.503040738403797150e-04
5.570783978328108788e-04
5.450653843581676483e-04
5.297180032357573509e-04
5.396314663812518120e-04
5.346137913875281811e-04
5.214849952608346939e-04
5.275305593386292458e-04
5.226679495535790920e-04
5.135307437740266323e-04
5.187772912904620171e-04
5.089159822091460228e-04
5.162449087947607040e-04
5.229780217632651329e-04
5.146581679582595825e-04
5.153063684701919556e-04
5.183166358619928360e-04
5.108705372549593449e-04
5.040238611400127411e-04
4.935126635245978832e-04
4.970567533746361732e-04
4.961619852110743523e-04
4.926960682496428490e-04
4.964704858139157295e-04
4.981394158676266670e-04
5.086974706500768661e-04
5.145194008946418762e-04
5.377944326028227806e-04
5.747622344642877579e-04
5.993233062326908112e-04
5.841481033712625504e-04
5.285053048282861710e-04
5.310919368639588356e-04
5.669178208336234093e-04
5.444425041787326336e-04
5.145385512150824070e-04
5.338524933904409409e-04
5.155402468517422676e-04
5.111661739647388458e-04
5.233509000390768051e-04
5.133701488375663757e-04
5.060546100139617920e-04
5.153571255505084991e-04
5.086989840492606163e-04
5.029081949032843113e-04
5.082490388303995132e-04
5.279009346850216389e-04
5.089293699711561203e-04
5.251212278380990028e-04
5.296369781717658043e-04
5.099573172628879547e-04
5.001955432817339897e-04
4.963601240888237953e-04
4.928672569803893566e-04
4.895939491689205170e-04
4.930016002617776394e-04
4.895071033388376236e-04
4.965444095432758331e-04
5.033221095800399780e-04
5.187454516999423504e-04
5.148702184669673443e-04
5.116907414048910141e-04
4.948058049194514751e-04
5.015742499381303787e-04
5.235008429735898972e-04
5.489047616720199585e-04
6.057176506146788597e-04
6.345042493194341660e-04
6.066705682314932346e-04
5.341815995052456856e-04
5.167018389329314232e-04
5.552610964514315128e-04
5.354285822249948978e-04
5.201477324590086937e-04
5.063907010480761528e-04
5.075570661574602127e-04
5.109182093292474747e-04
5.050851614214479923e-04
4.977393546141684055e-04
4.976249183528125286e-04
4.930376308038830757e-04
4.891610587947070599e-04
4.800212045665830374e-04
4.811338149011135101e-04
4.851968842558562756e-04
4.807677760254591703e-04
5.095481756143271923e-04
5.353891756385564804e-04
5.444773123599588871e-04
5.782475927844643593e-04
5.288111860863864422e-04
5.124103627167642117e-04
5.255708238109946251e-04
5.163755267858505249e-04
4.958799108862876892e-04
4.976681666448712349e-04
4.971979069523513317e-04
4.900824278593063354e-04
4.984615952707827091e-04
4.876352613791823387e-04
4.794803389813750982e-04
4.855906008742749691e-04
4.733927198685705662e-04
4.748997453134506941e-04
4.704858583863824606e-04
4.697226104326546192e-04
4.692323855124413967e-04
4.707886546384543180e-04
4.691447538789361715e-04
4.794202977791428566e-04
5.120389978401362896e-04
5.457679508253931999e-04
5.910134059377014637e-04
5.471070762723684311e-04
4.842743219342082739e-04
5.193982506170868874e-04
5.388628342188894749e-04
5.141680594533681870e-04
4.889808478765189648e-04
4.936840268783271313e-04
5.053855711594223976e-04
4.780236049555242062e-04
4.925684770569205284e-04
5.033318884670734406e-04
4.800853785127401352e-04
4.895852180197834969e-04
4.918492631986737251e-04
4.795083950739353895e-04
4.865609516855329275e-04
4.804791824426501989e-04
4.633144126273691654e-04
4.721794684883207083e-04
4.660350386984646320e-04
4.682765575125813484e-04
4.680388083215802908e-04
4.781664756592363119e-04
4.991007735952734947e-04
4.993046750314533710e-04
5.168818170204758644e-04
4.916492034681141376e-04
4.754706169478595257e-04
4.855372826568782330e-04
4.957707133144140244e-04
5.035083740949630737e-04
4.905372625216841698e-04
4.900911008007824421e-04
4.747243947349488735e-04
4.708119668066501617e-04
4.689347406383603811e-04
4.612611955963075161e-04
4.638128157239407301e-04
4.678622353821992874e-04
4.542292444966733456e-04
4.537893400993198156e-04
4.501781368162482977e-04
4.611229524016380310e-04
4.584313719533383846e-04
4.415531293489038944e-04
4.447130195330828428e-04
4.544581752270460129e-04
4.528109857346862555e-04
4.538018256425857544e-04
4.578679800033569336e-04
4.732125380542129278e-04
4.939916543662548065e-04
5.287625826895236969e-04
4.895948804914951324e-04
4.854250000789761543e-04
4.930538707412779331e-04
4.830489342566579580e-04
4.739581490866839886e-04
4.967959830537438393e-04
5.090307095088064671e-04
5.005311104469001293e-04
5.273812566883862019e-04
5.096785025671124458e-04
5.169711075723171234e-04
5.268696695566177368e-04
4.835001891478896141e-04
4.796669527422636747e-04
4.638817626982927322e-04
4.642440180759876966e-04
4.717925912700593472e-04
4.664453445002436638e-04
4.582361434586346149e-04
4.493241431191563606e-04
4.489166603889316320e-04
4.503686795942485332e-04
4.525465774349868298e-04
4.515170585364103317e-04
4.559320805128663778e-04
4.590317257679998875e-04
4.605317371897399426e-04
4.736517439596354961e-04
4.763180040754377842e-04
4.870249831583350897e-04
4.945842665620148182e-04
4.871684068348258734e-04
4.738725256174802780e-04
4.619058163370937109e-04
4.679514968302100897e-04
4.798590089194476604e-04
4.770587547682225704e-04
4.606085713021457195e-04
4.349382361397147179e-04
4.388447268866002560e-04
4.499831120483577251e-04
4.416226292960345745e-04
4.317369021009653807e-04
4.350058152340352535e-04
4.433626891113817692e-04
4.493310989346355200e-04
4.376111028250306845e-04
4.518163332249969244e-04
4.859381006099283695e-04
4.901164793409407139e-04
4.898455226793885231e-04
5.238879821263253689e-04
4.825764335691928864e-04
4.511908628046512604e-04
4.784536431543529034e-04
4.806196084246039391e-04
4.521410446614027023e-04
4.486256220843642950e-04
4.606345610227435827e-04
4.507917328737676144e-04
4.379524034447968006e-04
4.420241457410156727e-04
4.301152657717466354e-04
4.266540636308491230e-04
4.318199935369193554e-04
4.280767752788960934e-04
4.169719177298247814e-04
4.198321839794516563e-04
4.245389136485755444e-04
4.144809790886938572e-04
4.130679299123585224e-04
4.177025402896106243e-04
4.163973499089479446e-04
4.142637480981647968e-04
4.358350706752389669e-04
4.659146070480346680e-04
5.265751387923955917e-04
6.135851144790649414e-04
5.870431778021156788e-04
5.245404317975044250e-04
5.181692540645599365e-04
5.219673621468245983e-04
4.987465799786150455e-04
4.751172382384538651e-04
4.712338559329509735e-04
4.825830110348761082e-04
4.578193183988332748e-04
4.483353986870497465e-04
4.599574021995067596e-04
4.443460493348538876e-04
4.441292840056121349e-04
4.443648213054984808e-04
4.321483429521322250e-04
4.280931316316127777e-04
4.240806156303733587e-04
4.238965921103954315e-04
4.263565642759203911e-04
4.108218709006905556e-04
4.225284210406243801e-04
4.245101008564233780e-04
4.095946787856519222e-04
4.190801118966192007e-04
4.226170713081955910e-04
4.153260961174964905e-04
4.260794667061418295e-04
4.383228661026805639e-04
4.541512753348797560e-04
4.700213321484625340e-04
4.945492255501449108e-04
5.071287159807980061e-04
4.693431255873292685e-04
4.644996370188891888e-04
4.839413741137832403e-04
4.913304001092910767e-04
4.568290314637124538e-04
4.363603075034916401e-04
4.564751288853585720e-04
4.601861583068966866e-04
4.448027757462114096e-04
4.373714036773890257e-04
4.370836541056632996e-04
4.224793228786438704e-04
4.229695769026875496e-04
4.305444599594920874e-04
4.221546696498990059e-04
4.117559292353689671e-04
4.199437680654227734e-04
4.096019256394356489e-04
4.216814122628420591e-04
4.241437418386340141e-04
4.261858994141221046e-04
4.247051547281444073e-04
4.333638353273272514e-04
4.367009969428181648e-04
4.397848970256745815e-04
4.295995458960533142e-04
4.120929806958884001e-04
3.989075776189565659e-04
4.087151610292494297e-04
4.093598981853574514e-04
4.142759717069566250e-04
4.248467157594859600e-04
4.199407994747161865e-04
4.280864668544381857e-04
4.399968893267214298e-04
4.415555740706622601e-04
4.196911468170583248e-04
4.133149050176143646e-04
4.159993841312825680e-04
4.260473360773175955e-04
4.281669389456510544e-04
4.152820329181849957e-04
4.239029367454349995e-04
4.225692246109247208e-04
4.143210244365036488e-04
4.193008353468030691e-04
4.214524233248084784e-04
4.156222275923937559e-04
3.940537571907043457e-04
3.990207915194332600e-04
4.074580501765012741e-04
3.994776634499430656e-04
4.032246652059257030e-04
4.036542959511280060e-04
4.106914275325834751e-04
4.087870183866471052e-04
4.056656616739928722e-04
4.091821028850972652e-04
4.089738940820097923e-04
4.151697212364524603e-04
4.120700177736580372e-04
4.192453343421220779e-04
4.234970547258853912e-04
4.357857105787843466e-04
4.299630818422883749e-04
4.128776490688323975e-04
4.075822071172297001e-04
4.087961860932409763e-04
4.041423089802265167e-04
3.968079108744859695e-04
4.067246918566524982e-04
3.923964395653456450e-04
3.871728549711406231e-04
4.023176152259111404e-04
4.100777150597423315e-04
4.111805465072393417e-04
4.260046407580375671e-04
4.700532590504735708e-04
5.542520666494965553e-04
6.302183610387146473e-04
7.144987466745078564e-04
6.941479514352977276e-04
6.240367074497044086e-04
5.829454748891294003e-04
6.073903059586882591e-04
5.558247794397175312e-04
5.433706101030111313e-04
5.234143463894724846e-04
5.293255671858787537e-04
4.950680304318666458e-04
4.853100399486720562e-04
4.760338633786886930e-04
4.589351301547139883e-04
4.623236600309610367e-04
4.432181012816727161e-04
4.405131912790238857e-04
4.318215651437640190e-04
4.263502778485417366e-04
4.190496983937919140e-04
4.166911239735782146e-04
4.106586566194891930e-04
4.029670672025531530e-04
4.025188682135194540e-04
3.951294347643852234e-04
3.943265764974057674e-04
3.899977891705930233e-04
3.861563745886087418e-04
3.842056612484157085e-04
3.806500462815165520e-04
3.791820199694484472e-04
3.773854696191847324e-04
3.751255571842193604e-04
3.742425469681620598e-04
3.718743973877280951e-04
3.736799117177724838e-04
3.783705178648233414e-04
3.963099734392017126e-04
4.120551166124641895e-04
4.512898158282041550e-04
4.642768763005733490e-04
4.410157853271812201e-04
3.948754165321588516e-04
3.889061044901609421e-04
4.011556738987565041e-04
4.013784928247332573e-04
3.806258027907460928e-04
3.805902670137584209e-04
3.843194572255015373e-04
3.739772364497184753e-04
3.755089710466563702e-04
3.850535722449421883e-04
3.729141899384558201e-04
3.661409427877515554e-04
3.815031959675252438e-04
3.806442837230861187e-04
3.728680312633514404e-04
3.826322208624333143e-04
4.125997365918010473e-04
4.121573292650282383e-04
4.131299792788922787e-04
3.982840571552515030e-04
3.776377707254141569e-04
3.858418203890323639e-04
3.882590681314468384e-04
3.831666836049407721e-04
3.782935091294348240e-04
3.865463368128985167e-04
3.817035758402198553e-04
3.803105500992387533e-04
3.765161964111030102e-04
3.658554924186319113e-04
3.710872842930257320e-04
3.726024879142642021e-04
3.636653418652713299e-04
3.664770338218659163e-04
3.651297593023627996e-04
3.595816378947347403e-04
3.708080621436238289e-04
3.742462431546300650e-04
3.846306935884058475e-04
3.981075715273618698e-04
3.984856884926557541e-04
3.892160020768642426e-04
3.952171537093818188e-04
3.933329135179519653e-04
3.831238718703389168e-04
3.647276898846030235e-04
3.666667034849524498e-04
3.843623562715947628e-04
3.926344215869903564e-04
3.848726628348231316e-04
3.793413052335381508e-04
4.021983768325299025e-04
4.162325931247323751e-04
4.017992177978157997e-04
3.886951308231800795e-04
3.836553951259702444e-04
3.867724444717168808e-04
3.711154568009078503e-04
3.672578313853591681e-04
3.774001670535653830e-04
3.685380797833204269e-04
3.632865846157073975e-04
3.736920771189033985e-04
3.653821186162531376e-04
3.676353953778743744e-04
3.725012647919356823e-04
3.817888791672885418e-04
3.987222444266080856e-04
4.230226622894406319e-04
4.117548232898116112e-04
3.919131995644420385e-04
3.864126047119498253e-04
3.920097078662365675e-04
3.898994473274797201e-04
3.723183181136846542e-04
3.709875745698809624e-04
3.697099746204912663e-04
3.647267585620284081e-04
3.609845298342406750e-04
3.553362039383500814e-04
3.561823978088796139e-04
3.525507054291665554e-04
3.501963219605386257e-04
3.516943543218076229e-04
3.555648436304181814e-04
3.549643734004348516e-04
3.687661956064403057e-04
3.662682720459997654e-04
3.652430605143308640e-04
3.708156291395425797e-04
3.648374113254249096e-04
3.641399671323597431e-04
3.699460066854953766e-04
3.570393892005085945e-04
3.676768101286143064e-04
3.609175328165292740e-04
3.538010059855878353e-04
3.599485498853027821e-04
3.688586584758013487e-04
3.913433756679296494e-04
4.068675916641950607e-04
4.389615205582231283e-04
4.600319953169673681e-04
4.469345731195062399e-04
4.628215392585843801e-04
4.510280559770762920e-04
4.329429357312619686e-04
4.214598739054054022e-04
3.955857537221163511e-04
3.988221287727355957e-04
4.026189853902906179e-04
3.755539364647120237e-04
3.735423088073730469e-04
3.797331301029771566e-04
3.731217584572732449e-04
3.642810042947530746e-04
3.638452326413244009e-04
3.671086160466074944e-04
3.572593559511005878e-04
3.608310944400727749e-04
3.603472723625600338e-04
3.472630633041262627e-04
3.528568195179104805e-04
3.523522464092820883e-04
3.493961121421307325e-04
3.460814477875828743e-04
3.450886288192123175e-04
3.453601093497127295e-04
3.430680371820926666e-04
3.457271668594330549e-04
3.496399149298667908e-04
3.603007353376597166e-04
3.913656109943985939e-04
4.200280527584254742e-04
4.501355579122900963e-04
4.318006103858351707e-04
3.862025623675435781e-04
3.802318533416837454e-04
4.158942610956728458e-04
4.238151595927774906e-04
3.700056695379316807e-04
3.514025302138179541e-04
3.828055632766336203e-04
3.723440458998084068e-04
3.499588638078421354e-04
3.635199973359704018e-04
3.666919074021279812e-04
3.485550405457615852e-04
3.429418429732322693e-04
3.528379020281136036e-04
3.507849760353565216e-04
3.356992674525827169e-04
3.405470342840999365e-04
3.474307013675570488e-04
3.448144998401403427e-04
3.403226146474480629e-04
3.487396461423486471e-04
3.566257655620574951e-04
3.609450068324804306e-04
3.601036150939762592e-04
3.576365415938198566e-04
3.612837463151663542e-04
3.465273766778409481e-04
3.489076043479144573e-04
3.655157925095409155e-04
3.903412143699824810e-04
4.196998779661953449e-04
4.363243933767080307e-04
4.014958103653043509e-04
3.920528106391429901e-04
3.811331116594374180e-04
3.681433154270052910e-04
3.687339485622942448e-04
3.615784808062016964e-04
3.588947001844644547e-04
3.532480914145708084e-04
3.441126900725066662e-04
3.536570584401488304e-04
3.430013894103467464e-04
3.359172842465341091e-04
3.410088829696178436e-04
3.367920871824026108e-04
3.318706294521689415e-04
3.323976998217403889e-04
3.317085502203553915e-04
3.289905143901705742e-04
3.251184243708848953e-04
3.273702168371528387e-04
3.273646289017051458e-04
3.248945577070116997e-04
3.337047237437218428e-04
3.401626308914273977e-04
3.612886066548526287e-04
3.882070304825901985e-04
4.134824848733842373e-04
3.810076450463384390e-04
3.481516614556312561e-04
3.491141251288354397e-04
3.486973582766950130e-04
3.544763894751667976e-04
3.421026922296732664e-04
3.350534825585782528e-04
3.479025326669216156e-04
3.379052504897117615e-04
3.278401563875377178e-04
3.328727034386247396e-04
3.334401990287005901e-04
3.280017408542335033e-04
3.310101456008851528e-04
3.403226728551089764e-04
3.631077124737203121e-04
3.736231883522123098e-04
4.142172983847558498e-04
4.910510033369064331e-04
5.564059829339385033e-04
5.464479327201843262e-04
4.585067217703908682e-04
4.478223854675889015e-04
4.368866793811321259e-04
4.474320448935031891e-04
4.048547707498073578e-04
3.672109160106629133e-04
4.121625097468495369e-04
3.858923446387052536e-04
3.615414607338607311e-04
3.652397426776587963e-04
3.682554233819246292e-04
3.466883790679275990e-04
3.500642196740955114e-04
3.550981055013835430e-04
3.405020106583833694e-04
3.401877474971115589e-04
3.399721754249185324e-04
3.317776718176901340e-04
3.326106816530227661e-04
3.342522250022739172e-04
3.291013999842107296e-04
3.237912314943969250e-04
3.216876066289842129e-04
3.250285226386040449e-04
3.191904397681355476e-04
3.203557280357927084e-04
3.232734452467411757e-04
3.236545599065721035e-04
3.209236310794949532e-04
3.234019386582076550e-04
3.272820613346993923e-04
3.271929454058408737e-04
3.343881689943373203e-04
3.375544620212167501e-04
3.413947415538132191e-04
3.378780093044042587e-04
3.429148928262293339e-04
3.493341500870883465e-04
3.560853656381368637e-04
3.469678049441426992e-04
3.345773438923060894e-04
3.381243441253900528e-04
3.406057076063007116e-04
3.474185650702565908e-04
3.277750802226364613e-04
3.269203880336135626e-04
3.440112050157040358e-04
3.321355616208165884e-04
3.138842876069247723e-04
3.189893905073404312e-04
3.277081414125859737e-04
3.204741224180907011e-04
3.120336041320115328e-04
3.149812982883304358e-04
3.139808832202106714e-04
3.160531632602214813e-04
3.173424338456243277e-04
3.128735988866537809e-04
3.150022821500897408e-04
3.172908036503940821e-04
3.232411108911037445e-04
3.367229073774069548e-04
3.314208588562905788e-04
3.393243241589516401e-04
3.455904952716082335e-04
3.330286126583814621e-04
3.349327889736741781e-04
3.494767006486654282e-04
3.693266189657151699e-04
3.685434930957853794e-04
3.315820358693599701e-04
3.216362674720585346e-04
3.369799524080008268e-04
3.404499148018658161e-04
3.311696927994489670e-04
3.247376880608499050e-04
3.370544582139700651e-04
3.528938104864209890e-04
3.617392503656446934e-04
3.612253349274396896e-04
3.867625200655311346e-04
3.891050582751631737e-04
3.523046325426548719e-04
3.362804127391427755e-04
3.460187581367790699e-04
3.586404491215944290e-04
3.435580292716622353e-04
3.327861195430159569e-04
3.406601899769157171e-04
3.274281043559312820e-04
3.282221732661128044e-04
3.350100014358758926e-04
3.247130371164530516e-04
3.209439164493232965e-04
3.214589960407465696e-04
3.228423884138464928e-04
3.156021703034639359e-04
3.210617287550121546e-04
3.196999314241111279e-04
3.091366088483482599e-04
3.094393177889287472e-04
3.118457098025828600e-04
3.093461273238062859e-04
3.098656889051198959e-04
3.170552663505077362e-04
3.237058990634977818e-04
3.262659884057939053e-04
3.321223775856196880e-04
3.444160101935267448e-04
3.548791282810270786e-04
3.675416519399732351e-04
3.633531450759619474e-04
3.699077060446143150e-04
3.466010093688964844e-04
3.619281051214784384e-04
4.043059307150542736e-04
3.958182642236351967e-04
3.597670001909136772e-04
3.394454834051430225e-04
3.463027242105454206e-04
3.517235163599252701e-04
3.291800094302743673e-04
3.256564959883689880e-04
3.401024150662124157e-04
3.243611718062311411e-04
3.116172447334975004e-04
3.166979295201599598e-04
3.176704922225326300e-04
3.063025651499629021e-04
3.085213247686624527e-04
3.105352225247770548e-04
3.040246083401143551e-04
3.016937698703259230e-04
3.038492286577820778e-04
3.030648804269731045e-04
3.000132855959236622e-04
3.007547056768089533e-04
3.024124889634549618e-04
3.017529961653053761e-04
3.028459614142775536e-04
3.075792337767779827e-04
3.154905571136623621e-04
3.181926149409264326e-04
3.267811553087085485e-04
3.404192102607339621e-04
3.377590910531580448e-04
3.322064876556396484e-04
3.375260275788605213e-04
3.507827641442418098e-04
3.730907919816672802e-04
3.810655907727777958e-04
3.954929707106202841e-04
4.084030515514314175e-04
3.514843410812318325e-04
3.586323000490665436e-04
3.641199728008359671e-04
3.304711717646569014e-04
3.506068605929613113e-04
3.495218697935342789e-04
3.359022084623575211e-04
3.338113892823457718e-04
3.303659323137253523e-04
3.264891856815665960e-04
3.175740712322294712e-04
3.246817504987120628e-04
3.160111664328724146e-04
3.145743103232234716e-04
3.088553785346448421e-04
3.071907558478415012e-04
3.061112365685403347e-04
3.038819704670459032e-04
3.037896240130066872e-04
3.028240753337740898e-04
2.987237530760467052e-04
3.034880501218140125e-04
3.017798298969864845e-04
3.049913211725652218e-04
3.020527947228401899e-04
3.040255105588585138e-04
3.104268398601561785e-04
3.144176444038748741e-04
3.207601839676499367e-04
3.305426507722586393e-04
3.269272274337708950e-04
3.272845351602882147e-04
3.167000249959528446e-04
3.119832545053213835e-04
3.141480847261846066e-04
3.145781811326742172e-04
3.175909514538943768e-04
3.014948160853236914e-04
2.963388978969305754e-04
2.951391506940126419e-04
2.976462419610470533e-04
2.983111771754920483e-04
2.960390120279043913e-04
2.965095918625593185e-04
2.940504637081176043e-04
2.949395566247403622e-04
3.040893061552196741e-04
3.129394899588078260e-04
3.336783847771584988e-04
3.431102959439158440e-04
3.508417867124080658e-04
3.487972717266529799e-04
3.325754660181701183e-04
3.334718639962375164e-04
3.328123129904270172e-04
3.161797067150473595e-04
3.182187792845070362e-04
3.282720572315156460e-04
3.038938739337027073e-04
3.023715107701718807e-04
3.168995608575642109e-04
3.070133388973772526e-04
3.052638494409620762e-04
2.984947641380131245e-04
2.975724928546696901e-04
3.040445153601467609e-04
2.998188138008117676e-04
3.105757641606032848e-04
3.134935395792126656e-04
3.174657176714390516e-04
3.279453085269778967e-04
3.383602888789027929e-04
3.404580056667327881e-04
3.221572842448949814e-04
3.065916243940591812e-04
2.977824478875845671e-04
3.048686194233596325e-04
3.092503175139427185e-04
3.026958729606121778e-04
3.087107907049357891e-04
3.091660910286009312e-04
3.017660055775195360e-04
3.092808183282613754e-04
3.067648503929376602e-04
3.116503939963877201e-04
3.194108721800148487e-04
3.244792460463941097e-04
3.299353120382875204e-04
3.255711344536393881e-04
