0.000000000000000000e+00
1.351685356348752975e-02
1.150331925600767136e-02
8.217979222536087036e-03
6.575610022991895676e-03
5.843964405357837677e-03
4.987037740647792816e-03
4.705322906374931335e-03
4.380464553833007812e-03
4.348704591393470764e-03
4.178677685558795929e-03
3.848761785775423050e-03
3.738980740308761597e-03
3.693088889122009277e-03
3.692161291837692261e-03
3.578340634703636169e-03
3.473814576864242554e-03
3.373790299519896507e-03
3.282531630247831345e-03
3.229627385735511780e-03
3.173131030052900314e-03
3.127382835373282433e-03
3.050717525184154510e-03
2.972611924633383751e-03
2.895960584282875061e-03
2.845418406650424004e-03
2.805830677971243858e-03
2.763776574283838272e-03
2.727389801293611526e-03
2.694105729460716248e-03
2.651268150657415390e-03
2.610160969197750092e-03
2.585860434919595718e-03
2.547627780586481094e-03
2.522309543564915657e-03
2.489340258762240410e-03
2.461860422044992447e-03
2.440300304442644119e-03
2.409138716757297516e-03
2.383694518357515335e-03
2.359433099627494812e-03
2.335179131478071213e-03
2.316271420568227768e-03
2.293549478054046631e-03
2.267768140882253647e-03
2.246980555355548859e-03
2.228022087365388870e-03
2.205641474574804306e-03
2.184343291446566582e-03
2.165192039683461189e-03
2.147191902622580528e-03
2.128171268850564957e-03
2.109543420374393463e-03
2.090993104502558708e-03
2.072888426482677460e-03
2.056410769000649452e-03
2.039995742961764336e-03
2.024938119575381279e-03
2.014529425650835037e-03
2.011569682508707047e-03
2.025326481088995934e-03
2.076909644529223442e-03
2.088615437969565392e-03
2.004888374358415604e-03
1.918597845360636711e-03
1.962743233889341354e-03
1.964131835848093033e-03
1.881689182482659817e-03
1.894187182188034058e-03
1.905673532746732235e-03
1.840732293203473091e-03
1.840576413087546825e-03
1.855844398960471153e-03
1.803508377633988857e-03
1.788935391232371330e-03
1.806212356314063072e-03
1.773659489117562771e-03
1.742210704833269119e-03
1.746270689181983471e-03
1.744419685564935207e-03
1.719601219519972801e-03
1.694490085355937481e-03
1.691514393314719200e-03
1.695023616775870323e-03
1.684015383943915367e-03
1.665471820160746574e-03
1.643239520490169525e-03
1.630268758162856102e-03
1.625946722924709320e-03
1.628997037187218666e-03
1.642570132389664650e-03
1.666865311563014984e-03
1.711406745016574860e-03
1.722143380902707577e-03
1.649310230277478695e-03
1.567585393786430359e-03
1.594822271727025509e-03
1.623965566977858543e-03
1.556558534502983093e-03
1.535664545372128487e-03
1.575426897034049034e-03
1.545052742585539818e-03
1.500275917351245880e-03
1.517994096502661705e-03
1.520884688943624496e-03
1.493518240749835968e-03
1.469272538088262081e-03
1.482580672018229961e-03
1.486719003878533840e-03
1.461968291550874710e-03
1.442523091100156307e-03
1.446039881557226181e-03
1.452316879294812679e-03
1.444138470105826855e-03
1.425587804988026619e-03
1.404011971317231655e-03
1.392167992889881134e-03
1.392855076119303703e-03
1.397021813318133354e-03
1.410345546901226044e-03
1.441622036509215832e-03
1.486237044446170330e-03
1.537795178592205048e-03
1.582737080752849579e-03
1.645504496991634369e-03
1.488709240220487118e-03
1.497381133958697319e-03
1.487538218498229980e-03
1.410506083630025387e-03
1.477504614740610123e-03
1.383160240948200226e-03
1.426217146217823029e-03
1.374786603264510632e-03
1.396586885675787926e-03
1.343591604381799698e-03
1.381776179186999798e-03
1.335741253569722176e-03
1.341331517323851585e-03
1.316641224548220634e-03
1.328912563621997833e-03
1.305166515521705151e-03
1.297076698392629623e-03
1.286367420107126236e-03
1.287791412323713303e-03
1.279214280657470226e-03
1.280111260712146759e-03
1.255103386938571930e-03
1.254051690921187401e-03
1.244718907400965691e-03
1.242262893356382847e-03
1.244568265974521637e-03
1.251810113899409771e-03
1.261741621419787407e-03
1.272171619348227978e-03
1.266039442270994186e-03
1.257739262655377388e-03
1.241128658875823021e-03
1.209676265716552734e-03
1.201006816700100899e-03
1.194490119814872742e-03
1.193458330817520618e-03
1.205198233947157860e-03
1.212028786540031433e-03
1.211780356243252754e-03
1.210212940350174904e-03
1.180720748379826546e-03
1.155589474365115166e-03
1.154759665951132774e-03
1.163954730145633221e-03
1.179047161713242531e-03
1.197995385155081749e-03
1.227535074576735497e-03
1.265542581677436829e-03
1.313737011514604092e-03
1.255663810297846794e-03
1.187611836940050125e-03
1.175693701952695847e-03
1.204929780215024948e-03
1.166784670203924179e-03
1.132795936428010464e-03
1.164705259725451469e-03
1.153529155999422073e-03
1.121681998483836651e-03
1.112946076318621635e-03
1.130777527578175068e-03
1.116792205721139908e-03
1.096364110708236694e-03
1.093754544854164124e-03
1.093239872716367245e-03
1.093603554181754589e-03
1.080311485566198826e-03
1.072893850505352020e-03
1.074743922799825668e-03
1.070673461072146893e-03
1.064698444679379463e-03
1.052935025654733181e-03
1.047760248184204102e-03
1.049380400218069553e-03
1.052892184816300869e-03
1.067339908331632614e-03
1.113879028707742691e-03
1.225817482918500900e-03
1.232371199876070023e-03
1.153414603322744370e-03
1.222327002324163914e-03
1.255505485460162163e-03
1.132105011492967606e-03
1.127824652940034866e-03
1.125180162489414215e-03
1.132432138547301292e-03
1.114954357035458088e-03
1.074912492185831070e-03
1.070474274456501007e-03
1.071154838427901268e-03
1.063019037246704102e-03
1.045020064339041710e-03
1.036515808664262295e-03
1.035844208672642708e-03
1.035890076309442520e-03
1.019711489789187908e-03
1.008108258247375488e-03
1.012283610180020332e-03
9.967935038730502129e-04
1.006642240099608898e-03
9.868218330666422844e-04
9.896479314193129539e-04
9.839488193392753601e-04
9.825375163927674294e-04
9.865661850199103355e-04
9.888000786304473877e-04
9.900156874209642410e-04
9.896992705762386322e-04
9.899615542963147163e-04
9.826824534684419632e-04
9.864995954558253288e-04
1.017135567963123322e-03
1.055073225870728493e-03
1.052665757015347481e-03
1.025193254463374615e-03
9.618678013794124126e-04
9.711176971904933453e-04
9.984091157093644142e-04
9.869171772152185440e-04
9.667446138337254524e-04
9.518895531073212624e-04
9.470280492678284645e-04
9.521329193376004696e-04
9.392950451001524925e-04
9.270770824514329433e-04
9.225980611518025398e-04
9.223370580002665520e-04
9.296454372815787792e-04
9.115937864407896996e-04
9.018037235364317894e-04
9.139815811067819595e-04
9.203265653923153877e-04
9.389658225700259209e-04
9.932743851095438004e-04
1.094075967557728291e-03
1.110150711610913277e-03
9.956520516425371170e-04
9.113948326557874680e-04
9.813010692596435547e-04
9.593662107363343239e-04
8.984610321931540966e-04
9.425771422684192657e-04
9.179822518490254879e-04
8.927787421271204948e-04
9.126127697527408600e-04
8.953958749771118164e-04
8.800978539511561394e-04
8.831840823404490948e-04
8.802387746982276440e-04
8.671568939462304115e-04
8.606876945123076439e-04
8.650063537061214447e-04
8.556824177503585815e-04
8.459294913336634636e-04
8.494666544720530510e-04
8.439935045316815376e-04
8.383371168747544289e-04
8.437358192168176174e-04
8.551591890864074230e-04
8.722722413949668407e-04
9.470916120335459709e-04
1.007807208225131035e-03
1.082998816855251789e-03
9.957002475857734680e-04
8.751087589189410210e-04
9.398332331329584122e-04
9.321679244749248028e-04
8.648781804367899895e-04
8.965223096311092377e-04
8.926310110837221146e-04
8.560974965803325176e-04
8.689326932653784752e-04
8.633445831947028637e-04
8.381451480090618134e-04
8.441481040790677071e-04
8.310459088534116745e-04
8.270551334135234356e-04
8.199936710298061371e-04
8.181549492292106152e-04
8.102379506453871727e-04
8.122753351926803589e-04
8.189837681129574776e-04
8.280420443043112755e-04
8.530942141078412533e-04
8.732591522857546806e-04
8.713760180398821831e-04
8.268940146081149578e-04
7.869705441407859325e-04
8.007201249711215496e-04
8.164155296981334686e-04
8.048943709582090378e-04
7.801565807312726974e-04
7.794628618285059929e-04
7.944839890114963055e-04
7.857554592192173004e-04
7.674542139284312725e-04
7.616080110892653465e-04
7.690055062994360924e-04
7.685781456530094147e-04
7.612949120812118053e-04
7.532911258749663830e-04
7.551545277237892151e-04
7.593933260068297386e-04
7.711987709626555443e-04
7.897433824837207794e-04
8.238490554504096508e-04
8.994271047413349152e-04
8.415777701884508133e-04
7.688364712521433830e-04
8.077573729678988457e-04
8.048904128372669220e-04
7.595497881993651390e-04
7.743467576801776886e-04
7.587405852973461151e-04
7.472510915249586105e-04
7.608893210999667645e-04
7.401504553854465485e-04
7.373269181698560715e-04
7.409915560856461525e-04
7.294520037248730659e-04
7.254944066517055035e-04
7.434880244545638561e-04
7.509856368415057659e-04
7.802729960530996323e-04
8.116945973597466946e-04
8.256352739408612251e-04
8.515386725775897503e-04
8.814790053293108940e-04
7.999413646757602692e-04
7.748945499770343304e-04
7.804363267496228218e-04
7.827246445231139660e-04
7.727479096502065659e-04
7.450635312125086784e-04
7.436781888827681541e-04
7.610490429215133190e-04
7.270532078109681606e-04
7.267079781740903854e-04
7.302070735022425652e-04
7.146327989175915718e-04
7.183026755228638649e-04
7.073166780173778534e-04
7.050118292681872845e-04
7.020722841843962669e-04
6.939248996786773205e-04
7.029670523479580879e-04
6.950604729354381561e-04
6.981174228712916374e-04
6.980350008234381676e-04
7.186768925748765469e-04
7.856028387323021889e-04
8.636454003863036633e-04
8.654670673422515392e-04
7.862212951295077801e-04
7.460354245267808437e-04
7.679859991185367107e-04
7.360192830674350262e-04
7.307195919565856457e-04
7.359315641224384308e-04
7.104074466042220592e-04
7.015297887846827507e-04
7.189353345893323421e-04
6.990553811192512512e-04
6.772208726033568382e-04
7.055433234199881554e-04
6.869046483188867569e-04
6.675152108073234558e-04
6.852800725027918816e-04
6.720416131429374218e-04
6.605309317819774151e-04
6.706595886498689651e-04
6.635446334257721901e-04
6.536638247780501842e-04
6.564927170984447002e-04
6.567158270627260208e-04
6.424045423045754433e-04
6.540708127431571484e-04
6.508754449896514416e-04
6.416564574465155602e-04
6.457422277890145779e-04
6.548222154378890991e-04
6.525653298012912273e-04
6.620831554755568504e-04
6.844382733106613159e-04
7.035615271888673306e-04
7.164953276515007019e-04
7.338847499340772629e-04
6.941170431673526764e-04
6.606692331843078136e-04
6.705174455419182777e-04
6.814693333581089973e-04
6.652949377894401550e-04
6.523435004055500031e-04
6.599224871024489403e-04
6.483279867097735405e-04
6.402964936569333076e-04
6.422974402084946632e-04
6.455113762058317661e-04
6.410090136341750622e-04
6.493755499832332134e-04
6.526915240101516247e-04
6.734948838129639626e-04
6.906277267262339592e-04
6.975779542699456215e-04
6.619251216761767864e-04
6.489678635261952877e-04
6.571437697857618332e-04
6.485643680207431316e-04
6.400968413800001144e-04
6.268073339015245438e-04
6.272956961765885353e-04
6.340753170661628246e-04
6.257218774408102036e-04
6.051425007171928883e-04
6.085268105380237103e-04
6.204380188137292862e-04
6.086592911742627621e-04
5.962210707366466522e-04
5.951458588242530823e-04
6.014011451043188572e-04
6.040548905730247498e-04
6.033761892467737198e-04
5.997914122417569160e-04
6.155135342851281166e-04
6.354404613375663757e-04
6.552464328706264496e-04
6.653913296759128571e-04
6.443513557314872742e-04
6.602605571970343590e-04
7.107315468601882458e-04
6.645137327723205090e-04
6.364518776535987854e-04
6.666424451395869255e-04
6.277810316532850266e-04
6.257857312448322773e-04
6.405267631635069847e-04
6.262433598749339581e-04
6.390325725078582764e-04
6.411900976672768593e-04
6.181122153066098690e-04
6.218703929334878922e-04
6.056260317564010620e-04
6.044880719855427742e-04
6.114140269346535206e-04
5.939296679571270943e-04
5.962910363450646400e-04
5.830727168358862400e-04
5.807878915220499039e-04
5.819510552100837231e-04
5.742951179854571819e-04
5.767461843788623810e-04
5.813268362544476986e-04
5.877863150089979172e-04
6.037658313289284706e-04
6.262107053771615028e-04
6.414900417439639568e-04
6.503327167592942715e-04
6.329948082566261292e-04
6.038585561327636242e-04
6.126074003987014294e-04
6.159514305181801319e-04
6.058340659365057945e-04
5.930555053055286407e-04
5.904845893383026123e-04
5.875582573935389519e-04
5.857103387825191021e-04
5.723214708268642426e-04
5.711093544960021973e-04
5.757192848250269890e-04
5.667523946613073349e-04
5.587221239693462849e-04
5.597043200396001339e-04
5.590471555478870869e-04
5.630810046568512917e-04
5.587924388237297535e-04
5.559757119044661522e-04
5.705903749912977219e-04
5.941082490608096123e-04
6.213865126483142376e-04
6.156173767521977425e-04
5.964511074125766754e-04
6.064338958822190762e-04
6.409509805962443352e-04
6.079454906284809113e-04
5.957957473583519459e-04
5.839892546646296978e-04
5.678679444827139378e-04
5.781300715170800686e-04
5.683242925442755222e-04
5.502819549292325974e-04
5.658535519614815712e-04
5.657362635247409344e-04
5.494523793458938599e-04
5.426740972325205803e-04
5.472564953379333019e-04
5.388052668422460556e-04
5.357656045816838741e-04
5.386617849580943584e-04
5.333176231943070889e-04
5.307913525030016899e-04
5.361310322768986225e-04
5.330768763087689877e-04
5.353755550459027290e-04
5.376195767894387245e-04
5.520061240531504154e-04
5.756188184022903442e-04
6.123377243056893349e-04
6.458520656451582909e-04
6.831648061051964760e-04
7.261651335284113884e-04
7.357286522164940834e-04
6.105893990024924278e-04
5.988894845359027386e-04
6.691113812848925591e-04
5.888616433367133141e-04
5.854622577317059040e-04
6.106702494435012341e-04
5.663351621478796005e-04
5.773438606411218643e-04
5.710684345103800297e-04
5.530816852115094662e-04
5.622772732749581337e-04
5.528101464733481407e-04
5.376329645514488220e-04
5.442438996396958828e-04
5.348489503376185894e-04
5.314861773513257504e-04
5.303287762217223644e-04
5.249906680546700954e-04
5.216184072196483612e-04
5.230062524788081646e-04
5.202214233577251434e-04
5.158969433978199959e-04
5.156336701475083828e-04
5.163696478120982647e-04
5.221822648309171200e-04
5.323952063918113708e-04
5.503176944330334663e-04
5.824143299832940102e-04
6.108108209446072578e-04
5.970611819066107273e-04
5.534713272936642170e-04
5.218927399255335331e-04
5.523435538634657860e-04
5.628563812933862209e-04
5.357156624086201191e-04
5.080922855995595455e-04
5.316391470842063427e-04
5.495952209457755089e-04
5.181824672035872936e-04
5.164105677977204323e-04
5.439485539682209492e-04
5.369081045500934124e-04
5.275559378787875175e-04
5.282931379042565823e-04
5.358410999178886414e-04
5.151812219992280006e-04
4.980423254892230034e-04
5.077284877188503742e-04
5.042549455538392067e-04
4.918020567856729031e-04
5.024925339967012405e-04
5.126007599756121635e-04
5.040922551415860653e-04
5.002216203138232231e-04
5.015343194827437401e-04
5.000642267987132072e-04
4.930961295031011105e-04
4.923488595522940159e-04
4.993021721020340919e-04
5.040455143898725510e-04
5.081085255369544029e-04
5.213151453062891960e-04
5.453188787214457989e-04
5.550649948418140411e-04
5.714072613045573235e-04
5.605464102700352669e-04
5.601557204499840736e-04
5.619583535008132458e-04
5.356296896934509277e-04
5.524280713871121407e-04
5.413724575191736221e-04
5.099896807223558426e-04
5.238387384451925755e-04
5.269473185762763023e-04
4.996619536541402340e-04
5.112697836011648178e-04
5.010787863284349442e-04
4.964335821568965912e-04
5.015130736865103245e-04
4.916624748148024082e-04
4.808704834431409836e-04
4.884803202003240585e-04
4.869768163189291954e-04
4.767452483065426350e-04
4.845425719395279884e-04
4.783293697983026505e-04
4.769715887960046530e-04
4.856418818235397339e-04
4.925178363919258118e-04
5.105545278638601303e-04
5.414978950284421444e-04
5.719795590266585350e-04
5.316330934874713421e-04
5.213001277297735214e-04
5.411079619079828262e-04
5.389435682445764542e-04
5.326047539710998535e-04
5.206544301472604275e-04
5.397418281063437462e-04
5.461104447022080421e-04
5.109094781801104546e-04
5.022012046538293362e-04
5.093907238915562630e-04
4.861087945755571127e-04
4.886022070422768593e-04
4.966840497218072414e-04
4.908858099952340126e-04
4.852506681345403194e-04
4.713380185421556234e-04
4.714164824690669775e-04
4.726455954369157553e-04
4.716973926406353712e-04
4.674979427363723516e-04
4.663153085857629776e-04
4.651478375308215618e-04
4.602541157510131598e-04
4.615235375240445137e-04
4.607640148606151342e-04
4.575745551846921444e-04
4.592355689965188503e-04
4.640274564735591412e-04
4.674009396694600582e-04
4.830184334423393011e-04
4.973325412720441818e-04
5.057449452579021454e-04
5.072788335382938385e-04
4.884972004219889641e-04
4.629790200851857662e-04
4.673817602451890707e-04
4.797290021087974310e-04
4.807173972949385643e-04
4.674171505030244589e-04
4.580559616442769766e-04
4.628915048670023680e-04
4.687399778049439192e-04
4.667667380999773741e-04
4.739888827316462994e-04
5.008928128518164158e-04
5.416893982328474522e-04
5.891470937058329582e-04
5.940099945291876793e-04
5.731582641601562500e-04
5.342217045836150646e-04
5.058067617937922478e-04
5.383380339480936527e-04
5.371722509153187275e-04
4.961366648785769939e-04
4.910118295811116695e-04
4.964633844792842865e-04
4.952797316946089268e-04
4.726728366222232580e-04
4.884178633801639080e-04
4.736754926852881908e-04
4.621464759111404419e-04
4.781157476827502251e-04
4.513163003139197826e-04
4.536206834018230438e-04
4.581696994137018919e-04
4.492231528274714947e-04
4.444078076630830765e-04
4.457726026885211468e-04
4.413432907313108444e-04
4.377462901175022125e-04
4.385621286928653717e-04
4.383969935588538647e-04
4.355359706096351147e-04
4.377553123049438000e-04
4.446765524335205555e-04
4.551361780613660812e-04
4.684659652411937714e-04
4.814250860363245010e-04
4.865292576141655445e-04
4.801144823431968689e-04
4.664655716624110937e-04
4.683672450482845306e-04
4.803743213415145874e-04
4.704513121396303177e-04
4.430361441336572170e-04
4.371694230940192938e-04
4.566099669318646193e-04
4.614365170709788799e-04
4.415024304762482643e-04
4.261254798620939255e-04
4.296201223041862249e-04
4.381647449918091297e-04
4.370315873529762030e-04
4.272229853086173534e-04
4.242984578013420105e-04
4.219204420223832130e-04
4.191457701381295919e-04
4.215185181237757206e-04
4.226142482366412878e-04
4.205173754598945379e-04
4.158546216785907745e-04
4.180323740001767874e-04
4.229893384035676718e-04
4.348799120634794235e-04
4.534435574896633625e-04
4.761429445352405310e-04
4.850381228607147932e-04
4.883639048784971237e-04
4.498455091379582882e-04
4.396975273266434669e-04
4.565452109090983868e-04
4.719072603620588779e-04
4.542679234873503447e-04
4.504996468313038349e-04
4.675986128859221935e-04
4.679168923757970333e-04
4.704897874034941196e-04
4.705019528046250343e-04
4.486602265387773514e-04
4.511711595114320517e-04
4.466862301342189312e-04
4.246623720973730087e-04
4.302253946661949158e-04
4.281515139155089855e-04
4.220033879391849041e-04
4.271084617357701063e-04
4.286119656171649694e-04
4.207971505820751190e-04
4.194833745714277029e-04
4.159386735409498215e-04
4.111554007977247238e-04
4.210643819533288479e-04
4.272761289030313492e-04
4.393297422211617231e-04
4.603071138262748718e-04
4.573440528474748135e-04
4.534334875643253326e-04
4.341938474681228399e-04
4.283639136701822281e-04
4.460457421373575926e-04
4.650621849577873945e-04
4.681100544985383749e-04
4.488203558139503002e-04
4.438539908733218908e-04
4.646827001124620438e-04
4.488329868763685226e-04
4.218093818053603172e-04
4.158281954005360603e-04
4.291943623684346676e-04
4.342847387306392193e-04
4.151448956690728664e-04
4.156254581175744534e-04
4.257893597241491079e-04
4.193361382931470871e-04
4.083320964127779007e-04
4.044746456202119589e-04
4.108040593564510345e-04
4.075797623954713345e-04
4.006379458587616682e-04
4.048834089189767838e-04
4.167183651588857174e-04
4.178203525952994823e-04
4.257112450432032347e-04
4.384044441394507885e-04
4.417329328134655952e-04
4.273203085176646709e-04
3.989037068095058203e-04
4.018659237772226334e-04
4.127742140553891659e-04
4.115959163755178452e-04
4.038314800709486008e-04
3.984202048741281033e-04
3.977173473685979843e-04
4.061795771121978760e-04
4.083212697878479958e-04
4.058129561599344015e-04
4.274294187780469656e-04
4.582108813337981701e-04
4.717448609881103039e-04
4.919178318232297897e-04
4.974554176442325115e-04
5.084582953713834286e-04
4.958299687132239342e-04
4.722342710010707378e-04
4.828438977710902691e-04
4.742406308650970459e-04
4.439127515070140362e-04
4.286051262170076370e-04
4.436034651007503271e-04
4.344062181189656258e-04
4.188446328043937683e-04
4.261873837094753981e-04
4.185445723123848438e-04
4.058526537846773863e-04
4.144473350606858730e-04
4.053908342029899359e-04
4.020809137728065252e-04
4.077512421645224094e-04
3.934914711862802505e-04
3.982226771768182516e-04
3.922762698493897915e-04
3.923780168406665325e-04
3.861490404233336449e-04
3.865244507323950529e-04
3.855477552860975266e-04
3.806176828220486641e-04
3.825955500360578299e-04
3.784350701607763767e-04
3.778745885938405991e-04
3.767865709960460663e-04
3.762022533919662237e-04
3.759092651307582855e-04
3.766509471461176872e-04
3.803300205618143082e-04
3.864374593831598759e-04
4.039416089653968811e-04
4.360683669801801443e-04
4.812348342966288328e-04
5.381457740440964699e-04
5.727526149712502956e-04
5.753493169322609901e-04
5.491867195814847946e-04
5.206625792197883129e-04
5.128611810505390167e-04
5.333657609298825264e-04
4.708274209406226873e-04
4.628964234143495560e-04
4.870150878559798002e-04
4.358763981144875288e-04
4.476179310586303473e-04
4.468169936444610357e-04
4.309252253733575344e-04
4.161182441748678684e-04
4.241314600221812725e-04
4.176150541752576828e-04
4.048520640935748816e-04
4.127507272642105818e-04
3.971799451392143965e-04
3.985282673966139555e-04
3.928232472389936447e-04
3.856207185890525579e-04
3.930002858396619558e-04
3.780144616030156612e-04
3.808127366937696934e-04
3.797150566242635250e-04
3.741898108273744583e-04
3.740295651368796825e-04
3.720709064509719610e-04
3.699901863001286983e-04
3.686542040668427944e-04
3.672175516840070486e-04
3.660093643702566624e-04
3.633502346929162741e-04
3.633159212768077850e-04
3.622290678322315216e-04
3.620505740400403738e-04
3.618549089878797531e-04
3.650588332675397396e-04
3.719656670000404119e-04
3.886972554028034210e-04
4.252982907928526402e-04
4.456141032278537750e-04
4.480490460991859436e-04
4.066265537403523922e-04
3.887548518832772970e-04
4.079533973708748817e-04
4.036328173242509365e-04
3.956498694606125355e-04
3.876448026858270168e-04
3.827167674899101257e-04
3.884300531353801489e-04
3.820763377007097006e-04
3.747394657693803310e-04
3.826421161647886038e-04
3.805367159657180309e-04
3.823442384600639343e-04
3.885189071297645569e-04
3.796430246438831091e-04
3.829926135949790478e-04
3.935838758479803801e-04
3.749042225535959005e-04
3.673432802315801382e-04
3.775705699808895588e-04
3.648928832262754440e-04
3.679127839859575033e-04
3.711814933922141790e-04
3.602055367082357407e-04
3.628380072768777609e-04
3.675830084830522537e-04
3.659770300146192312e-04
3.810893686022609472e-04
3.852757508866488934e-04
4.026004462502896786e-04
4.298622952774167061e-04
4.563306865748018026e-04
4.424889339134097099e-04
4.162854747846722603e-04
3.912107495125383139e-04
4.113875329494476318e-04
4.169634194113314152e-04
3.979075700044631958e-04
3.917890717275440693e-04
3.906409838236868382e-04
3.868011990562081337e-04
3.770152106881141663e-04
3.763783024623990059e-04
3.737121587619185448e-04
3.674799809232354164e-04
3.656475746538490057e-04
3.645079559646546841e-04
3.605904930736869574e-04
3.592336724977940321e-04
3.572423884179443121e-04
3.563840873539447784e-04
3.551538975443691015e-04
3.525678766891360283e-04
3.565794322639703751e-04
3.631703730206936598e-04
3.656449262052774429e-04
3.738380910363048315e-04
3.885009791702032089e-04
3.936762805096805096e-04
3.966932999901473522e-04
3.877108392771333456e-04
3.726868599187582731e-04
3.579859621822834015e-04
3.527810331434011459e-04
3.654929751064628363e-04
3.803544677793979645e-04
3.852914087474346161e-04
3.882634337060153484e-04
3.956731525249779224e-04
4.213919746689498425e-04
4.137869109399616718e-04
3.921055176761001348e-04
3.674543695524334908e-04
3.785259323194622993e-04
3.860607976093888283e-04
3.747905138880014420e-04
3.636313776951283216e-04
3.579522890504449606e-04
3.665681870188564062e-04
3.661476657725870609e-04
3.557059681043028831e-04
3.631950821727514267e-04
3.551215340849012136e-04
3.551366680767387152e-04
3.553719434421509504e-04
3.515288117341697216e-04
3.479468286968767643e-04
3.496448043733835220e-04
3.522645565681159496e-04
3.471882082521915436e-04
3.537488519214093685e-04
3.597531176637858152e-04
3.710909513756632805e-04
3.970308171119540930e-04
4.188380553387105465e-04
4.387578810565173626e-04
3.970848338212817907e-04
3.763549611903727055e-04
3.748647868633270264e-04
3.800974227488040924e-04
3.802118590101599693e-04
3.570720436982810497e-04
3.585328231565654278e-04
3.660794463939964771e-04
3.593214205466210842e-04
3.490456147119402885e-04
3.505613422021269798e-04
3.483713953755795956e-04
3.458008286543190479e-04
3.429672797210514545e-04
3.400457208044826984e-04
3.430583456065505743e-04
3.381417773198336363e-04
3.387614269740879536e-04
3.411590296309441328e-04
3.397663531359285116e-04
3.466520865913480520e-04
3.590444975998252630e-04
3.715212806127965450e-04
3.825209278147667646e-04
3.863298043143004179e-04
3.805025189649313688e-04
3.528872039169073105e-04
3.499381127767264843e-04
3.757122321985661983e-04
3.902042226400226355e-04
3.898833820130676031e-04
3.771265910472720861e-04
3.856996190734207630e-04
3.935873392038047314e-04
3.780186816584318876e-04
3.629679267760366201e-04
3.568410174921154976e-04
3.592164139263331890e-04
3.705701674334704876e-04
3.529422392603009939e-04
3.399925772100687027e-04
3.503259504213929176e-04
3.476157435216009617e-04
3.369250916875898838e-04
3.376603999640792608e-04
3.391476348042488098e-04
3.353085776325315237e-04
3.372878418304026127e-04
3.348728059791028500e-04
3.284172271378338337e-04
3.274679183959960938e-04
3.257352800574153662e-04
3.244527615606784821e-04
3.264026017859578133e-04
3.268772852607071400e-04
3.270609013270586729e-04
3.328903985675424337e-04
3.479420556686818600e-04
3.653543244581669569e-04
3.960923932027071714e-04
4.177411319687962532e-04
4.459742340259253979e-04
4.468976985663175583e-04
4.435326554812490940e-04
4.058679041918367147e-04
4.000976623501628637e-04
4.213147913105785847e-04
3.932320978492498398e-04
3.682388924062252045e-04
3.916488494724035263e-04
3.744068089872598648e-04
3.561712219379842281e-04
3.645194228738546371e-04
3.570779808796942234e-04
3.428480704315006733e-04
3.470690862741321325e-04
3.408627526368945837e-04
3.423811867833137512e-04
3.382102004252374172e-04
3.353453648742288351e-04
3.384414012543857098e-04
3.295826609246432781e-04
3.318096278235316277e-04
3.287417348474264145e-04
3.241659142076969147e-04
3.247972344979643822e-04
3.216735203750431538e-04
3.186268440913408995e-04
3.219604841433465481e-04
3.202795342076569796e-04
3.184032684657722712e-04
3.239373909309506416e-04
3.263336839154362679e-04
