0.000000000000000000e+00
8.753027766942977905e-03
6.107862573117017746e-03
4.809980280697345734e-03
4.098411649465560913e-03
3.579491749405860901e-03
3.330099396407604218e-03
3.176047466695308685e-03
3.017620649188756943e-03
2.924060449004173279e-03
2.788096666336059570e-03
2.696049166843295097e-03
2.567932708188891411e-03
2.492447849363088608e-03
2.438399242237210274e-03
2.398708835244178772e-03
2.310969401150941849e-03
2.252136124297976494e-03
2.224605530500411987e-03
2.203063573688268661e-03
2.163612749427556992e-03
2.112125745043158531e-03
2.071920316666364670e-03
2.045443048700690269e-03
2.019097097218036652e-03
1.970371929928660393e-03
1.932926941663026810e-03
1.912633888423442841e-03
1.892867265269160271e-03
1.865259371697902679e-03
1.833614311181008816e-03
1.813711831346154213e-03
1.791275106370449066e-03
1.767132780514657497e-03
1.741948071867227554e-03
1.722835353575646877e-03
1.706985291093587875e-03
1.688014483079314232e-03
1.668746001087129116e-03
1.651709317229688168e-03
1.634756801649928093e-03
1.616221852600574493e-03
1.600515097379684448e-03
1.584777957759797573e-03
1.568102627061307430e-03
1.552264206111431122e-03
1.536964438855648041e-03
1.522535225376486778e-03
1.507329056039452553e-03
1.493523246608674526e-03
1.479269703850150108e-03
1.465715002268552780e-03
1.453124918043613434e-03
1.442695502191781998e-03
1.438097446225583553e-03
1.447670394554734230e-03
1.470868824981153011e-03
1.510281465016305447e-03
1.425637863576412201e-03
1.367885619401931763e-03
1.388522563502192497e-03
1.388441538438200951e-03
1.345013268291950226e-03
1.329176477156579494e-03
1.344150863587856293e-03
1.320382114499807358e-03
1.290763961151242256e-03
1.300338422879576683e-03
1.298258081078529358e-03
1.262151286937296391e-03
1.257402123883366585e-03
1.264605671167373657e-03
1.242633210495114326e-03
1.222638646140694618e-03
1.215486554428935051e-03
1.214470714330673218e-03
1.208905596286058426e-03
1.186723355203866959e-03
1.173708587884902954e-03
1.164287328720092773e-03
1.161361346021294594e-03
1.165464753285050392e-03
1.153877936303615570e-03
1.144251786172389984e-03
1.126490300521254539e-03
1.120030414313077927e-03
1.123344991356134415e-03
1.113075762987136841e-03
1.112329307943582535e-03
1.116656465455889702e-03
1.120495842769742012e-03
1.140253734774887562e-03
1.135037047788500786e-03
1.156563172116875648e-03
1.133962301537394524e-03
1.069535617716610432e-03
1.068048295564949512e-03
1.097725238651037216e-03
1.059181173332035542e-03
1.040511298924684525e-03
1.074089785106480122e-03
1.038025482557713985e-03
1.041105948388576508e-03
1.057583256624639034e-03
1.024108845740556717e-03
1.027424121275544167e-03
1.029831473715603352e-03
1.007300568744540215e-03
1.000514719635248184e-03
1.006757840514183044e-03
9.927339851856231689e-04
9.892636444419622421e-04
9.872701484709978104e-04
9.633135050535202026e-04
9.623927762731909752e-04
9.537889854982495308e-04
9.420297574251890182e-04
9.425906464457511902e-04
9.339765529148280621e-04
9.323726408183574677e-04
9.457737905904650688e-04
9.726392454467713833e-04
1.070864964276552200e-03
1.023996388539671898e-03
9.547265945002436638e-04
9.866477921605110168e-04
9.647449478507041931e-04
9.582336060702800751e-04
9.622080251574516296e-04
9.320726385340094566e-04
9.573424467816948891e-04
9.446886251680552959e-04
9.319155360572040081e-04
9.400183334946632385e-04
9.086512727662920952e-04
9.054673719219863415e-04
9.100550669245421886e-04
9.006168693304061890e-04
9.009427158161997795e-04
9.011488291434943676e-04
8.723602513782680035e-04
8.815163164399564266e-04
8.589139906689524651e-04
8.570438949391245842e-04
8.511113701388239861e-04
8.418508805334568024e-04
8.382733212783932686e-04
8.365499088540673256e-04
8.318782784044742584e-04
8.264521602541208267e-04
8.398636709898710251e-04
8.679690654389560223e-04
9.535350836813449860e-04
1.160387182608246803e-03
1.017962582409381866e-03
9.010656503960490227e-04
9.643413941375911236e-04
9.329728782176971436e-04
8.788015693426132202e-04
9.090017410926520824e-04
8.822140516713261604e-04
8.547596517018973827e-04
8.749978151172399521e-04
8.399517973884940147e-04
8.417555363848805428e-04
8.354668389074504375e-04
8.150992798618972301e-04
8.250281098298728466e-04
8.064548019319772720e-04
8.072386262938380241e-04
7.988580036908388138e-04
7.928768172860145569e-04
7.858203607611358166e-04
7.834561401978135109e-04
7.755071856081485748e-04
7.754607941024005413e-04
7.648335304111242294e-04
7.619656389579176903e-04
7.649287581443786621e-04
7.548406720161437988e-04
7.533798925578594208e-04
7.491717115044593811e-04
7.478207699023187160e-04
7.623536512255668640e-04
7.901052013039588928e-04
8.536965469829738140e-04
8.886518771760165691e-04
8.365401881746947765e-04
7.627526065334677696e-04
7.844353094696998596e-04
7.988646393641829491e-04
7.528888527303934097e-04
7.635163492523133755e-04
7.680020062252879143e-04
7.350887171924114227e-04
7.446610252372920513e-04
7.509684073738753796e-04
7.169411983340978622e-04
7.355916313827037811e-04
7.435550214722752571e-04
7.107832352630794048e-04
7.221507257781922817e-04
7.295520044863224030e-04
7.139297085814177990e-04
7.117268396541476250e-04
7.358490256592631340e-04
7.335714763030409813e-04
7.669472834095358849e-04
7.363753393292427063e-04
7.236856035888195038e-04
7.044234662316739559e-04
6.897019920870661736e-04
7.007044623605906963e-04
7.086800760589540005e-04
7.039858028292655945e-04
6.819131667725741863e-04
6.824896554462611675e-04
6.912228418514132500e-04
6.968992529436945915e-04
6.917395512573421001e-04
6.882084417156875134e-04
6.942760082893073559e-04
7.010442204773426056e-04
6.932806572876870632e-04
6.868665805086493492e-04
6.823082803748548031e-04
7.045608945190906525e-04
6.771608605049550533e-04
6.604140507988631725e-04
6.641006912104785442e-04
6.598329055123031139e-04
6.575818988494575024e-04
6.659950013272464275e-04
6.797731621190905571e-04
6.677614292129874229e-04
6.649307906627655029e-04
6.682327948510646820e-04
6.739899981766939163e-04
6.845488096587359905e-04
6.889159558340907097e-04
6.646175752393901348e-04
6.508454098366200924e-04
6.713988259434700012e-04
6.779806572012603283e-04
6.898615974932909012e-04
6.792278727516531944e-04
6.660999497398734093e-04
6.462262826971709728e-04
6.590987904928624630e-04
6.552976556122303009e-04
6.654944154433906078e-04
6.627982365898787975e-04
6.521121831610798836e-04
6.548934034071862698e-04
6.409924244508147240e-04
6.163225625641644001e-04
6.313298945315182209e-04
6.399457342922687531e-04
6.444428581744432449e-04
6.391491042450070381e-04
6.570145487785339355e-04
6.570712430402636528e-04
6.655988981947302818e-04
6.677009514532983303e-04
6.563062779605388641e-04
6.452357629314064980e-04
6.310930475592613220e-04
6.266173440963029861e-04
6.517958827316761017e-04
6.507812067866325378e-04
6.393698859028518200e-04
6.086934590712189674e-04
6.106129148975014687e-04
6.141028716228902340e-04
6.082917097955942154e-04
6.067340145818889141e-04
5.981529830023646355e-04
6.032371893525123596e-04
5.932683707214891911e-04
5.888398736715316772e-04
5.881594261154532433e-04
5.892147310078144073e-04
5.914470530115067959e-04
5.899992538616061211e-04
5.962834693491458893e-04
6.013370584696531296e-04
6.146011292003095150e-04
6.364441360346972942e-04
6.614133599214255810e-04
7.501968648284673691e-04
7.895901799201965332e-04
7.517618942074477673e-04
6.276338244788348675e-04
6.906373309902846813e-04
7.046239916235208511e-04
6.177059840410947800e-04
6.497855647467076778e-04
6.418557604774832726e-04
6.135907024145126343e-04
6.377444951795041561e-04
6.124207866378128529e-04
6.195874302648007870e-04
6.215820321813225746e-04
5.882227560505270958e-04
6.073543336242437363e-04
5.890849861316382885e-04
5.921172560192644596e-04
5.891207838431000710e-04
5.802661180496215820e-04
5.783174419775605202e-04
5.723395734094083309e-04
5.686128279194235802e-04
5.665657809004187584e-04
5.668777739629149437e-04
5.578029667958617210e-04
5.590821965597569942e-04
5.554733797907829285e-04
5.552213406190276146e-04
5.585455219261348248e-04
5.593849346041679382e-04
5.784628447145223618e-04
6.084202323108911514e-04
6.863459711894392967e-04
6.730684544891119003e-04
5.998384440317749977e-04
5.688744713552296162e-04
6.035644328221678734e-04
5.901865079067647457e-04
5.532726645469665527e-04
5.662584444507956505e-04
5.760689964517951012e-04
5.509585607796907425e-04
5.514986696653068066e-04
5.654447595588862896e-04
5.471610929816961288e-04
5.408862489275634289e-04
5.450602038763463497e-04
5.382074741646647453e-04
5.334072629921138287e-04
5.304145161062479019e-04
5.334797315299510956e-04
5.337524926289916039e-04
5.300687626004219055e-04
5.294736474752426147e-04
5.393928731791675091e-04
5.431568715721368790e-04
5.515782977454364300e-04
5.535702221095561981e-04
5.788672715425491333e-04
6.043679895810782909e-04
5.929793114773929119e-04
5.788769922219216824e-04
5.911401240155100822e-04
5.649877712130546570e-04
5.541886202991008759e-04
5.482840351760387421e-04
5.380496731959283352e-04
5.427354481071233749e-04
5.336969625204801559e-04
5.286752711981534958e-04
5.263672792352735996e-04
5.254823481664061546e-04
5.167337367311120033e-04
5.197778809815645218e-04
5.228200461715459824e-04
5.345054087229073048e-04
5.410005687735974789e-04
5.556609248742461205e-04
5.455829086713492870e-04
5.452949553728103638e-04
5.194919649511575699e-04
5.133126978762447834e-04
5.111776408739387989e-04
5.211365059949457645e-04
5.280657787807285786e-04
5.143734160810709000e-04
5.098592955619096756e-04
5.032856715843081474e-04
5.091057391837239265e-04
5.152288358658552170e-04
5.101590650156140327e-04
5.079151014797389507e-04
5.083112046122550964e-04
5.251163383945822716e-04
5.310249398462474346e-04
5.291384877637028694e-04
5.350320716388523579e-04
5.337164620868861675e-04
5.119261331856250763e-04
5.140917492099106312e-04
5.239886231720447540e-04
5.174545804038643837e-04
4.981092642992734909e-04
4.976633936166763306e-04
5.048324819654226303e-04
5.084553267806768417e-04
4.975985502824187279e-04
4.842763009946793318e-04
4.912756267003715038e-04
4.945565015077590942e-04
4.870242846664041281e-04
4.777014837600290775e-04
4.778888542205095291e-04
4.791010287590324879e-04
4.781173483934253454e-04
4.795542336069047451e-04
4.880892520304769278e-04
4.960981896147131920e-04
5.407504504546523094e-04
5.564151215367019176e-04
5.764723173342645168e-04
5.122478469274938107e-04
5.077802343294024467e-04
5.464079440571367741e-04
5.000577075406908989e-04
4.863817011937499046e-04
5.180547013878822327e-04
4.976590862497687340e-04
4.878235049545764923e-04
5.059530376456677914e-04
5.125665920786559582e-04
5.223967018537223339e-04
5.275362054817378521e-04
5.242439801804721355e-04
5.027985898777842522e-04
4.820888279937207699e-04
4.846922820433974266e-04
4.930412396788597107e-04
4.898880142718553543e-04
4.876500461250543594e-04
4.768981016241014004e-04
4.812064580619335175e-04
4.959481302648782730e-04
4.867673851549625397e-04
4.771293315570801497e-04
4.871851706411689520e-04
4.849959514103829861e-04
4.842585767619311810e-04
4.791525134351104498e-04
4.775772686116397381e-04
4.822468326892703772e-04
4.826970107387751341e-04
4.740248841699212790e-04
4.602226836141198874e-04
4.516768676694482565e-04
4.532915481831878424e-04
4.552840255200862885e-04
4.580009263008832932e-04
4.567550495266914368e-04
4.554501210805028677e-04
4.580969107337296009e-04
4.703994782175868750e-04
4.919584607705473900e-04
5.157656269147992134e-04
5.469510215334594250e-04
5.430088494904339314e-04
5.046137375757098198e-04
4.665637970902025700e-04
4.852031124755740166e-04
4.981115926057100296e-04
4.644590371754020452e-04
4.657953395508229733e-04
4.711675574071705341e-04
4.562495741993188858e-04
4.578100051730871201e-04
4.551482270471751690e-04
4.552667669486254454e-04
4.507129488047212362e-04
4.466776154004037380e-04
4.423623904585838318e-04
4.483372904360294342e-04
4.607378505170345306e-04
4.680615093093365431e-04
5.268382374197244644e-04
6.024189642630517483e-04
6.757711526006460190e-04
5.419185617938637733e-04
4.913854063488543034e-04
5.488581955432891846e-04
5.069099715910851955e-04
4.831171827390789986e-04
5.014226189814507961e-04
4.804632044397294521e-04
4.727269406430423260e-04
4.838403256144374609e-04
4.585317219607532024e-04
4.655471420846879482e-04
4.621500556822866201e-04
4.545114934444427490e-04
4.541985399555414915e-04
4.469620180316269398e-04
4.440469783730804920e-04
4.422549100127071142e-04
4.382354090921580791e-04
4.380171594675630331e-04
4.313208046369254589e-04
4.324055626057088375e-04
4.295719554647803307e-04
4.261216963641345501e-04
4.271115176379680634e-04
4.248520708642899990e-04
4.259556881152093410e-04
4.256227402947843075e-04
4.301957669667899609e-04
4.321557644288986921e-04
4.467233957257121801e-04
4.500253999140113592e-04
4.659952246583998203e-04
4.578939115162938833e-04
4.520623479038476944e-04
4.405323124956339598e-04
4.351724346634000540e-04
4.373528936412185431e-04
4.293695674277842045e-04
4.321383021306246519e-04
4.320957814343273640e-04
4.270292120054364204e-04
4.262120346538722515e-04
4.293431993573904037e-04
4.412760026752948761e-04
4.571862518787384033e-04
4.730580258183181286e-04
5.090233753435313702e-04
5.243069026619195938e-04
4.999951343052089214e-04
4.621218540705740452e-04
4.512924642767757177e-04
4.481535288505256176e-04
4.473111475817859173e-04
4.406517255119979382e-04
4.295750986784696579e-04
4.319920553825795650e-04
4.245411837473511696e-04
4.196877125650644302e-04
4.186832811683416367e-04
4.150029853917658329e-04
4.163828853052109480e-04
4.120327939745038748e-04
4.071381408721208572e-04
4.114523471798747778e-04
4.117001954000443220e-04
4.047794500365853310e-04
4.093325114808976650e-04
4.095603944733738899e-04
4.102917737327516079e-04
4.113035392947494984e-04
4.193777567707002163e-04
4.235334636177867651e-04
4.310099757276475430e-04
4.184506833553314209e-04
4.108708235435187817e-04
4.019318730570375919e-04
4.053718585055321455e-04
4.130328015889972448e-04
4.219000111334025860e-04
4.328321083448827267e-04
4.420273471623659134e-04
4.437596653588116169e-04
4.355281707830727100e-04
4.347773501649498940e-04
4.515803302638232708e-04
4.695879761129617691e-04
4.692153888754546642e-04
4.783010808750987053e-04
4.567442229017615318e-04
4.454446898307651281e-04
4.201994161121547222e-04
4.319865838624536991e-04
4.328222130425274372e-04
4.168010200373828411e-04
4.177464288659393787e-04
4.253580118529498577e-04
4.155549104325473309e-04
4.045057576149702072e-04
4.102946259081363678e-04
4.077537450939416885e-04
4.065045504830777645e-04
4.008061368949711323e-04
3.966250806115567684e-04
3.957309527322649956e-04
3.945536445826292038e-04
3.908811486326158047e-04
3.891022352036088705e-04
3.913599648512899876e-04
3.893072134815156460e-04
3.894061082974076271e-04
3.957116277888417244e-04
4.056030884385108948e-04
4.254872910678386688e-04
4.744665347971022129e-04
5.172831006348133087e-04
5.543134175240993500e-04
4.527259734459221363e-04
4.240014823153614998e-04
4.685563617385923862e-04
4.544539260677993298e-04
4.106452106498181820e-04
4.242816357873380184e-04
4.272215010132640600e-04
4.048860573675483465e-04
4.060472710989415646e-04
4.094433970749378204e-04
4.026586539112031460e-04
3.981030313298106194e-04
4.008874529972672462e-04
3.906685742549598217e-04
3.931060782633721828e-04
3.924616612493991852e-04
3.916367131751030684e-04
3.878672141581773758e-04
3.868180501740425825e-04
3.820046258624643087e-04
3.823927254416048527e-04
3.847473417408764362e-04
3.823851584456861019e-04
3.863634483423084021e-04
3.929625963792204857e-04
4.069393035024404526e-04
4.200969124212861061e-04
4.538671055343002081e-04
4.823074559681117535e-04
4.829172685276716948e-04
4.112756578251719475e-04
3.936652792617678642e-04
4.271754878573119640e-04
4.159703967161476612e-04
3.995568840764462948e-04
3.941003233194351196e-04
4.030069685541093349e-04
4.015925806015729904e-04
3.865054750349372625e-04
3.814544470515102148e-04
3.877760609611868858e-04
3.869021311402320862e-04
3.733984776772558689e-04
3.732784825842827559e-04
3.785628068726509809e-04
3.739810490515083075e-04
3.688942524604499340e-04
3.705857961904257536e-04
3.717051586136221886e-04
3.728590381797403097e-04
3.767547605093568563e-04
3.837111289612948895e-04
3.911594394594430923e-04
4.107460263185203075e-04
4.184338904451578856e-04
4.101273952983319759e-04
3.878206189256161451e-04
3.760096151381731033e-04
3.785528242588043213e-04
3.891279920935630798e-04
3.891205415129661560e-04
3.721857210621237755e-04
3.639142378233373165e-04
3.708208387251943350e-04
3.778677782975137234e-04
3.748821036424487829e-04
3.674325416795909405e-04
3.719232918228954077e-04
3.829524794127792120e-04
3.932490653824061155e-04
4.012317804154008627e-04
4.049533454235643148e-04
3.993550199083983898e-04
3.941657196264714003e-04
3.878773422911763191e-04
3.823920269496738911e-04
3.816196694970130920e-04
3.902075986843556166e-04
3.874247195199131966e-04
3.730561293195933104e-04
3.751177282538264990e-04
3.896654816344380379e-04
3.752533812075853348e-04
3.768581373151391745e-04
3.738594241440296173e-04
3.680948866531252861e-04
3.602930519264191389e-04
3.645220713224261999e-04
3.674515755847096443e-04
3.651128499768674374e-04
3.688887809403240681e-04
3.681431699078530073e-04
3.759353421628475189e-04
3.873620589729398489e-04
3.927542711608111858e-04
3.964261268265545368e-04
3.860804135911166668e-04
3.899375151377171278e-04
4.035285382997244596e-04
4.205302102491259575e-04
3.936524444725364447e-04
3.758484963327646255e-04
3.932331455871462822e-04
3.849489730782806873e-04
3.655885229818522930e-04
3.655631444416940212e-04
3.712932521011680365e-04
3.626309335231781006e-04
3.603456425480544567e-04
3.622818621806800365e-04
3.643957315944135189e-04
3.597374306991696358e-04
3.564305952750146389e-04
3.571133711375296116e-04
3.625150711741298437e-04
3.682132228277623653e-04
3.766683512367308140e-04
3.915922134183347225e-04
4.084301181137561798e-04
4.043207445647567511e-04
3.815846284851431847e-04
3.627292753662914038e-04
3.555358271114528179e-04
3.785741864703595638e-04
3.874853427987545729e-04
3.893416724167764187e-04
3.950828104279935360e-04
4.337645950727164745e-04
4.451997810974717140e-04
4.305282491259276867e-04
3.675455227494239807e-04
3.765156434383243322e-04
4.069234710186719894e-04
3.753906930796802044e-04
3.645992837846279144e-04
3.763618879020214081e-04
3.652398881968110800e-04
3.585578815545886755e-04
3.640715149231255054e-04
3.584244986996054649e-04
3.503441112115979195e-04
3.541904443409293890e-04
3.481127205304801464e-04
3.431317745707929134e-04
3.487912181299179792e-04
3.432072408031672239e-04
3.399636480025947094e-04
3.415406099520623684e-04
3.416228573769330978e-04
3.382496070116758347e-04
3.387418983038514853e-04
3.426649491302669048e-04
3.464650362730026245e-04
3.519677266012877226e-04
3.793521027546375990e-04
3.902909520547837019e-04
3.946493379771709442e-04
4.053028533235192299e-04
4.153672489337623119e-04
4.471248248592019081e-04
4.103167448192834854e-04
3.670872829388827085e-04
3.660850634332746267e-04
3.878431161865592003e-04
3.833393566310405731e-04
3.544716746546328068e-04
3.728561277966946363e-04
3.799479163717478514e-04
3.522861516103148460e-04
3.740011889021843672e-04
3.753256751224398613e-04
3.458510036580264568e-04
3.689531004056334496e-04
3.647234698291867971e-04
3.446951741352677345e-04
3.598233161028474569e-04
3.519840538501739502e-04
3.420509165152907372e-04
3.513055853545665741e-04
3.443963360041379929e-04
3.393220831640064716e-04
3.418027190491557121e-04
3.377186076249927282e-04
3.374108928255736828e-04
3.351461782585829496e-04
3.360354749020189047e-04
3.334904904477298260e-04
3.319150710012763739e-04
3.333625791128724813e-04
3.319033130537718534e-04
3.350284532643854618e-04
3.487616777420043945e-04
3.576588351279497147e-04
3.858778509311378002e-04
4.166961589362472296e-04
4.235004016663879156e-04
4.093116731382906437e-04
3.778425161726772785e-04
3.960065951105207205e-04
3.954123239964246750e-04
3.889188519679009914e-04
3.775877412408590317e-04
3.751061740331351757e-04
3.859295975416898727e-04
3.661721420940011740e-04
3.739834064617753029e-04
3.880308649968355894e-04
3.515584394335746765e-04
3.559643810149282217e-04
3.674637409858405590e-04
3.474393743090331554e-04
3.528894740156829357e-04
3.605704987421631813e-04
3.465903864707797766e-04
3.413140075281262398e-04
3.472267999313771725e-04
3.397568943910300732e-04
3.351919294800609350e-04
3.373692161403596401e-04
3.365597222000360489e-04
3.295291098766028881e-04
3.291785251349210739e-04
3.304327256046235561e-04
3.265056002419441938e-04
3.241236845497041941e-04
3.253597242292016745e-04
3.216004115529358387e-04
3.218787896912544966e-04
3.191739670000970364e-04
3.195470198988914490e-04
3.196574398316442966e-04
3.217427292838692665e-04
3.301771357655525208e-04
3.455568512436002493e-04
3.868057974614202976e-04
4.570367746055126190e-04
5.537992110475897789e-04
5.591452354565262794e-04
4.827395023312419653e-04
4.143760015722364187e-04
4.473867302294820547e-04
4.394967982079833746e-04
3.838440170511603355e-04
4.028616822324693203e-04
3.931051469407975674e-04
3.694017359521239996e-04
3.856422554235905409e-04
3.755057114176452160e-04
3.537191951181739569e-04
3.762669512070715427e-04
3.587861428968608379e-04
3.478015714790672064e-04
3.643702657427638769e-04
3.445241600275039673e-04
3.423456219024956226e-04
3.455057158134877682e-04
3.339659888297319412e-04
3.347593010403215885e-04
3.353773499839007854e-04
3.256563504692167044e-04
3.287298313807696104e-04
3.267719293944537640e-04
3.201272629667073488e-04
3.221918013878166676e-04
3.176942118443548679e-04
3.173627192154526711e-04
3.153530706185847521e-04
3.149432013742625713e-04
3.129505203105509281e-04
3.117673622909933329e-04
3.112740523647516966e-04
3.093491250183433294e-04
3.102000337094068527e-04
3.103547496721148491e-04
3.116956504527479410e-04
3.192302247043699026e-04
3.347164893057197332e-04
3.679989313241094351e-04
4.280728171579539776e-04
4.466585814952850342e-04
4.099549259990453720e-04
3.329092287458479404e-04
3.507869259919971228e-04
3.755797515623271465e-04
3.396589308977127075e-04
3.404864983167499304e-04
3.483890322968363762e-04
3.374290536157786846e-04
3.377041430212557316e-04
3.353778447490185499e-04
3.279044176451861858e-04
3.299608943052589893e-04
3.319669922348111868e-04
3.193812444806098938e-04
3.226959961466491222e-04
3.222962259314954281e-04
3.153533907607197762e-04
3.146464878227561712e-04
3.169186529703438282e-04
3.128267708234488964e-04
3.099814348388463259e-04
3.138702595606446266e-04
3.116063890047371387e-04
3.098766319453716278e-04
3.178083570674061775e-04
3.182682266924530268e-04
3.240955993533134460e-04
3.386606695130467415e-04
3.480798332020640373e-04
3.457033017184585333e-04
3.289559972472488880e-04
3.138330648653209209e-04
3.080579917877912521e-04
3.165214438922703266e-04
3.231560694985091686e-04
3.134809667244553566e-04
3.058720030821859837e-04
3.077393048442900181e-04
3.099444147665053606e-04
3.126925439573824406e-04
3.065798373427242041e-04
3.011498192790895700e-04
3.081330796703696251e-04
3.121340414509177208e-04
3.163140499964356422e-04
3.140482294838875532e-04
3.227386332582682371e-04
3.187034162692725658e-04
3.197612240910530090e-04
3.167037502862513065e-04
3.113679995294660330e-04
3.126260417047888041e-04
3.155454760417342186e-04
3.169625997543334961e-04
3.072778345085680485e-04
3.045559278689324856e-04
3.033575776498764753e-04
3.073344414588063955e-04
3.092398983426392078e-04
3.059841401409357786e-04
3.078706213273108006e-04
3.106992808170616627e-04
3.120182082056999207e-04
3.149462572764605284e-04
3.118866879958659410e-04
3.050018858630210161e-04
3.005864855367690325e-04
3.069542290177196264e-04
3.098941815551370382e-04
3.139972395729273558e-04
3.135155711788684130e-04
3.146355447825044394e-04
3.186104295309633017e-04
3.211944131180644035e-04
3.169311094097793102e-04
3.154450969304889441e-04
3.174796001985669136e-04
3.314194036647677422e-04
3.476601559668779373e-04
3.517157747410237789e-04
3.380027483217418194e-04
3.284444974269717932e-04
3.162419889122247696e-04
3.129086398985236883e-04
3.250220906920731068e-04
3.212853916920721531e-04
3.031678497791290283e-04
2.989888307638466358e-04
3.086626238655298948e-04
3.109661629423499107e-04
3.008896601386368275e-04
2.974821836687624454e-04
3.013610839843750000e-04
2.985182218253612518e-04
2.990120556205511093e-04
2.992780646309256554e-04
2.935051452368497849e-04
2.916323137469589710e-04
2.948436595033854246e-04
2.928176545538008213e-04
2.911485207732766867e-04
2.928799076471477747e-04
2.952325739897787571e-04
2.997313276864588261e-04
3.141793422400951385e-04
3.192939329892396927e-04
