0.000000000000000000e+00
5.531848408281803131e-03
7.563184946775436401e-03
5.808433052152395248e-03
5.547563545405864716e-03
4.697181284427642822e-03
3.775522112846374512e-03
3.723658621311187744e-03
3.886283142492175102e-03
3.654058557003736496e-03
3.353656735271215439e-03
3.231163602322340012e-03
3.198273479938507080e-03
3.142177592962980270e-03
3.035996807739138603e-03
2.900955034419894218e-03
2.820340683683753014e-03
2.814554376527667046e-03
2.811217214912176132e-03
2.740821568295359612e-03
2.633742755278944969e-03
2.571307588368654251e-03
2.558373380452394485e-03
2.541370457038283348e-03
2.496929606422781944e-03
2.441324759274721146e-03
2.408982720226049423e-03
2.397554693743586540e-03
2.370446221902966499e-03
2.323128748685121536e-03
2.286724746227264404e-03
2.270427299663424492e-03
2.254578284919261932e-03
2.224670257419347763e-03
2.193105174228549004e-03
2.175772795453667641e-03
2.163125434890389442e-03
2.141058444976806641e-03
2.112046349793672562e-03
2.088907640427350998e-03
2.073516137897968292e-03
2.056662924587726593e-03
2.035802928730845451e-03
2.016478916630148888e-03
1.999654807150363922e-03
1.982464920729398727e-03
1.963264308869838715e-03
1.944018527865409851e-03
1.928246929310262203e-03
1.913135172799229622e-03
1.895579509437084198e-03
1.879890449345111847e-03
1.865253783762454987e-03
1.849550753831863403e-03
1.834259135648608208e-03
1.820327132008969784e-03
1.805678242817521095e-03
1.790339592844247818e-03
1.777144381776452065e-03
1.763181295245885849e-03
1.747920876368880272e-03
1.733954995870590210e-03
1.720602042041718960e-03
1.706661656498908997e-03
1.692849094979465008e-03
1.679491950199007988e-03
1.666164956986904144e-03
1.652867416851222515e-03
1.639138907194137573e-03
1.625805860385298729e-03
1.612486666999757290e-03
1.599409850314259529e-03
1.586481695994734764e-03
1.573563320562243462e-03
1.561334822326898575e-03
1.548681640997529030e-03
1.536107389256358147e-03
1.523654675111174583e-03
1.511462731286883354e-03
1.499772770330309868e-03
1.489772810600697994e-03
1.484711654484272003e-03
1.498356461524963379e-03
1.524344435892999172e-03
1.600388204678893089e-03
1.559279742650687695e-03
1.450988464057445526e-03
1.474866177886724472e-03
1.466962741687893867e-03
1.416716491803526878e-03
1.433844096027314663e-03
1.401857472956180573e-03
1.386328600347042084e-03
1.388021162711083889e-03
1.356166554614901543e-03
1.357573317363858223e-03
1.345968572422862053e-03
1.324348035268485546e-03
1.324314624071121216e-03
1.310560153797268867e-03
1.294740824960172176e-03
1.299292314797639847e-03
1.293392851948738098e-03
1.309819868765771389e-03
1.289867330342531204e-03
1.289037521928548813e-03
1.255497569218277931e-03
1.254559727385640144e-03
1.265195664018392563e-03
1.224106410518288612e-03
1.221813960000872612e-03
1.217014389112591743e-03
1.203550724312663078e-03
1.211728435009717941e-03
1.183195505291223526e-03
1.180732157081365585e-03
1.180992694571614265e-03
1.166384434327483177e-03
1.169935683719813824e-03
1.163271022960543633e-03
1.148700830526649952e-03
1.151271164417266846e-03
1.163952401839196682e-03
1.178779290057718754e-03
1.227563479915261269e-03
1.363494899123907089e-03
1.178477192297577858e-03
1.241646707057952881e-03
1.241747871972620487e-03
1.190933515317738056e-03
1.168497721664607525e-03
1.212116680108010769e-03
1.139902276918292046e-03
1.160613261163234711e-03
1.117236213758587837e-03
1.130246557295322418e-03
1.100957160815596581e-03
1.095482613891363144e-03
1.085559488274157047e-03
1.079144421964883804e-03
1.059285714291036129e-03
1.063896226696670055e-03
1.043800264596939087e-03
1.043998636305332184e-03
1.036186935380101204e-03
1.031348016113042831e-03
1.015560934320092201e-03
1.017804490402340889e-03
1.007070182822644711e-03
1.006424776278436184e-03
9.946802165359258652e-04
9.899304714053869247e-04
9.879249846562743187e-04
9.817734826356172562e-04
9.772538905963301659e-04
9.763397974893450737e-04
9.778944076970219612e-04
9.912319947034120560e-04
1.012284075841307640e-03
1.032679458148777485e-03
1.002997858449816704e-03
9.691127925179898739e-04
9.627290419302880764e-04
9.677506750449538231e-04
9.618088370189070702e-04
9.516373975202441216e-04
9.433772647753357887e-04
9.635667083784937859e-04
9.604009101167321205e-04
9.463233873248100281e-04
9.236196056008338928e-04
9.307590080425143242e-04
9.339516982436180115e-04
9.149498073384165764e-04
9.050010703504085541e-04
9.269193978980183601e-04
9.387558093294501305e-04
9.361727861687541008e-04
9.493882535025477409e-04
9.808161994442343712e-04
9.238283964805305004e-04
9.038315038196742535e-04
9.331106557510793209e-04
9.179654298350214958e-04
8.985939784906804562e-04
9.055149275809526443e-04
8.908908348530530930e-04
8.952044881880283356e-04
8.917520754039287567e-04
8.810154977254569530e-04
8.759669726714491844e-04
8.729534456506371498e-04
8.579106070101261139e-04
8.624367183074355125e-04
8.582837763242423534e-04
8.477067458443343639e-04
8.423460531048476696e-04
8.343291701748967171e-04
8.327903924509882927e-04
8.295927545987069607e-04
8.246647194027900696e-04
8.266119984909892082e-04
8.499900577589869499e-04
9.314657072536647320e-04
9.654557798057794571e-04
1.004931284114718437e-03
9.031840600073337555e-04
9.686817647889256477e-04
9.004360763356089592e-04
8.960267296060919762e-04
8.825007244013249874e-04
8.711132104508578777e-04
8.648172370158135891e-04
8.452971815131604671e-04
8.574915118515491486e-04
8.199151488952338696e-04
8.379070786759257317e-04
8.146538748405873775e-04
8.227777434512972832e-04
8.034207276068627834e-04
8.075276273302733898e-04
7.956569315865635872e-04
7.889778353273868561e-04
7.947413250803947449e-04
7.830780814401805401e-04
7.810193928889930248e-04
7.823394844308495522e-04
7.806664798408746719e-04
8.040330139920115471e-04
8.288325625471770763e-04
8.858325309120118618e-04
8.711660047993063927e-04
8.308956166729331017e-04
8.094907971099019051e-04
7.990463636815547943e-04
7.990348967723548412e-04
7.903286605142056942e-04
7.827460649423301220e-04
7.701957365497946739e-04
7.688372279517352581e-04
7.687982870265841484e-04
7.564738625660538673e-04
7.561361417174339294e-04
7.530471193604171276e-04
7.461844943463802338e-04
7.481309585273265839e-04
7.432914571836590767e-04
7.461230270564556122e-04
7.395927095785737038e-04
7.514405297115445137e-04
7.541002705693244934e-04
7.678141701035201550e-04
7.717199041508138180e-04
7.571970927529036999e-04
7.454649312421679497e-04
7.375453133136034012e-04
7.296768017113208771e-04
7.252867217175662518e-04
7.271963986568152905e-04
7.269482593983411789e-04
7.335767149925231934e-04
7.220370462164282799e-04
7.114868494682013988e-04
7.016373565420508385e-04
7.010749541223049164e-04
7.127355202101171017e-04
7.105250260792672634e-04
7.146989810280501842e-04
7.307184860110282898e-04
7.607394363731145859e-04
7.867663516663014889e-04
7.386672659777104855e-04
7.555788615718483925e-04
7.815719582140445709e-04
7.296900730580091476e-04
7.162193651311099529e-04
7.207514718174934387e-04
7.080045761540532112e-04
7.087608682923018932e-04
7.137997308745980263e-04
7.014987058937549591e-04
7.118576904758810997e-04
7.225618464872241020e-04
7.181334658525884151e-04
7.226119632832705975e-04
7.414226420223712921e-04
7.169423042796552181e-04
7.116214837878942490e-04
7.010132540017366409e-04
6.969053647480905056e-04
6.942721083760261536e-04
6.925067282281816006e-04
6.901840679347515106e-04
6.786985322833061218e-04
6.739908130839467049e-04
6.680642254650592804e-04
6.636345060542225838e-04
6.659394130110740662e-04
6.687382119707763195e-04
6.703397957608103752e-04
6.722002290189266205e-04
6.653853924944996834e-04
6.634426536038517952e-04
6.702145328745245934e-04
6.867129704914987087e-04
7.139597437344491482e-04
7.717802072875201702e-04
7.626516162417829037e-04
7.390968967229127884e-04
7.312527741305530071e-04
6.932406686246395111e-04
7.030664710327982903e-04
7.065578829497098923e-04
6.773005006834864616e-04
6.784781580790877342e-04
6.924142944626510143e-04
6.637449841946363449e-04
6.633085431531071663e-04
6.662674131803214550e-04
6.460940930992364883e-04
6.529900711029767990e-04
6.544967181980609894e-04
6.483605829998850822e-04
6.428711349144577980e-04
6.472512613981962204e-04
6.382644642144441605e-04
6.387524772435426712e-04
6.357504753395915031e-04
6.280495435930788517e-04
6.274717161431908607e-04
6.279595545493066311e-04
6.239775102585554123e-04
6.282133981585502625e-04
6.397286197170615196e-04
6.588798714801669121e-04
6.588717806152999401e-04
6.708417786285281181e-04
6.413175142370164394e-04
6.289962329901754856e-04
6.510919774882495403e-04
6.705548148602247238e-04
6.663129897788167000e-04
6.694890907965600491e-04
6.398251280188560486e-04
6.557959131896495819e-04
6.691610324196517467e-04
6.575452862307429314e-04
6.375514785759150982e-04
6.519464077427983284e-04
6.434210808947682381e-04
6.158278556540608406e-04
6.271977908909320831e-04
6.333339842967689037e-04
6.197802722454071045e-04
6.120651378296315670e-04
6.128475069999694824e-04
6.103493506088852882e-04
6.053051329217851162e-04
5.991085199639201164e-04
6.101697217673063278e-04
6.121149635873734951e-04
6.023448077030479908e-04
6.160538177937269211e-04
6.187755498103797436e-04
6.191222346387803555e-04
6.290541496127843857e-04
6.369814509525895119e-04
6.361221312545239925e-04
6.254512118175625801e-04
6.181912613101303577e-04
6.175278685986995697e-04
6.316954968497157097e-04
6.109494715929031372e-04
6.166417151689529419e-04
6.197385955601930618e-04
6.250216974876821041e-04
5.942923598922789097e-04
6.010478828102350235e-04
6.261277012526988983e-04
6.056609563529491425e-04
6.060419837012887001e-04
6.073706317692995071e-04
5.943585420027375221e-04
6.046629277989268303e-04
5.980334244668483734e-04
5.971146165393292904e-04
5.929222679696977139e-04
5.749317351728677750e-04
5.889561725780367851e-04
5.941694835200905800e-04
5.866540595889091492e-04
5.868838634341955185e-04
5.904912832193076611e-04
5.897990195080637932e-04
5.895423237234354019e-04
5.795136676169931889e-04
5.885300925001502037e-04
6.007095216773450375e-04
6.091604009270668030e-04
6.083782063797116280e-04
6.280483212321996689e-04
5.866665160283446312e-04
5.914198700338602066e-04
6.129190442152321339e-04
5.894936621189117432e-04
5.801948718726634979e-04
5.843440885655581951e-04
5.815741023980081081e-04
5.685200449079275131e-04
5.694287247024476528e-04
5.717091844417154789e-04
5.584806203842163086e-04
5.584667669609189034e-04
5.697658052667975426e-04
5.825465777888894081e-04
6.236636545509099960e-04
6.848764605820178986e-04
7.840124890208244324e-04
6.886827759444713593e-04
6.121355108916759491e-04
6.641423678956925869e-04
6.419172277674078941e-04
6.086825160309672356e-04
6.238472415134310722e-04
6.051950622349977493e-04
6.100876489654183388e-04
5.993024678900837898e-04
5.966242169961333275e-04
5.922337295487523079e-04
5.730784032493829727e-04
5.894880741834640503e-04
5.694566643796861172e-04
5.613088142126798630e-04
5.714436993002891541e-04
5.521810962818562984e-04
5.582347512245178223e-04
5.454346537590026855e-04
5.504011642187833786e-04
5.447545554488897324e-04
5.386529373936355114e-04
5.388755816966295242e-04
5.387240089476108551e-04
5.372570594772696495e-04
5.403144168667495251e-04
5.490952171385288239e-04
5.607211496680974960e-04
5.817804485559463501e-04
5.870189052075147629e-04
5.866928258910775185e-04
5.683230701833963394e-04
5.531815695576369762e-04
5.601927987299859524e-04
5.535864620469510555e-04
5.483332788571715355e-04
5.379561916925013065e-04
5.355607718229293823e-04
5.412005120888352394e-04
5.324858939275145531e-04
5.268495297059416771e-04
5.270965630188584328e-04
5.298875621519982815e-04
5.348557024262845516e-04
5.313517758622765541e-04
5.537453107535839081e-04
6.075297715142369270e-04
6.585304508917033672e-04
6.760199903510510921e-04
5.880997632630169392e-04
5.646819481626152992e-04
6.197009352035820484e-04
5.941799608990550041e-04
5.457245861180126667e-04
5.897918017581105232e-04
5.751269636675715446e-04
5.368355195969343185e-04
5.674271378666162491e-04
5.618339637294411659e-04
5.304999649524688721e-04
5.456571816466748714e-04
5.419848021119832993e-04
5.226227222010493279e-04
5.308729596436023712e-04
5.277061136439442635e-04
5.174468969926238060e-04
5.158046260476112366e-04
5.172693636268377304e-04
5.084504373371601105e-04
5.039439420215785503e-04
5.078151589259505272e-04
5.001088138669729233e-04
5.005677230656147003e-04
5.003752303309738636e-04
4.975805059075355530e-04
4.998277290724217892e-04
5.051750340498983860e-04
5.180723965167999268e-04
5.451429751701653004e-04
5.787477712146937847e-04
5.873184418305754662e-04
5.368912825360894203e-04
5.257241427898406982e-04
5.632840911857783794e-04
5.514542572200298309e-04
5.497196107171475887e-04
5.669239908456802368e-04
5.587744526565074921e-04
5.431314348243176937e-04
5.159532884135842323e-04
5.130608915351331234e-04
5.169484065845608711e-04
5.069597391411662102e-04
5.165713955648243427e-04
5.145405302755534649e-04
5.010442691855132580e-04
4.971154266968369484e-04
4.970348672941327095e-04
4.984144470654428005e-04
4.927746485918760300e-04
4.883139627054333687e-04
4.884372465312480927e-04
4.835577565245330334e-04
4.822884220629930496e-04
4.792638937942683697e-04
4.815371939912438393e-04
4.860650515183806419e-04
4.899256746284663677e-04
4.946975386701524258e-04
4.978365032002329826e-04
4.970314912497997284e-04
4.958504578098654747e-04
5.037444643676280975e-04
5.072169005870819092e-04
5.311042768880724907e-04
5.453175399452447891e-04
5.652982508763670921e-04
5.604460602626204491e-04
5.502483109012246132e-04
5.352295702323317528e-04
5.185994668863713741e-04
5.227662040852010250e-04
5.632989341393113136e-04
5.627776263281702995e-04
5.373200401663780212e-04
5.322003271430730820e-04
5.363789969123899937e-04
5.058425012975931168e-04
5.027634906582534313e-04
5.082384450361132622e-04
5.048723542131483555e-04
5.005741259083151817e-04
4.870117118116468191e-04
4.922267980873584747e-04
4.878022009506821632e-04
4.828982055187225342e-04
4.875251033809036016e-04
4.725345061160624027e-04
4.750537627842277288e-04
4.768492653965950012e-04
4.695828538388013840e-04
4.675973614212125540e-04
4.687903856392949820e-04
4.691517096944153309e-04
4.698932752944529057e-04
4.691652429755777121e-04
4.726520273834466934e-04
4.865859809797257185e-04
5.049197352491319180e-04
5.279156612232327461e-04
5.591325461864471436e-04
5.448160227388143539e-04
5.267385859042406082e-04
5.167151102796196938e-04
5.462551489472389221e-04
5.312720895744860172e-04
4.862088826484978199e-04
5.012988112866878510e-04
5.265413783490657806e-04
4.915464669466018677e-04
4.839890752919018269e-04
5.056640948168933392e-04
4.854879225604236126e-04
4.758719296660274267e-04
4.893203731626272202e-04
4.751336236950010061e-04
4.762371245305985212e-04
4.780297167599201202e-04
4.693447554018348455e-04
4.803684423677623272e-04
4.817661829292774200e-04
4.830641846638172865e-04
5.119426059536635876e-04
5.142135778442025185e-04
5.013261106796562672e-04
4.844125360250473022e-04
4.717206757050007582e-04
4.651445779018104076e-04
4.715534741990268230e-04
4.684641899075359106e-04
4.640150291379541159e-04
4.579568631015717983e-04
4.605054273270070553e-04
4.609035677276551723e-04
4.558106884360313416e-04
4.518833011388778687e-04
4.478878108784556389e-04
4.526625270955264568e-04
4.488003905862569809e-04
4.467011895030736923e-04
4.514922038652002811e-04
4.578998195938766003e-04
4.800252499990165234e-04
5.067680031061172485e-04
5.265813088044524193e-04
5.074418149888515472e-04
5.053565255366265774e-04
4.989282460883259773e-04
4.816961009055376053e-04
4.763571487274020910e-04
4.703293961938470602e-04
4.774453700520098209e-04
4.704338498413562775e-04
4.519654903560876846e-04
4.622828564606606960e-04
4.624392313417047262e-04
4.523890675045549870e-04
4.574121558107435703e-04
4.508184210862964392e-04
4.471144638955593109e-04
4.530160222202539444e-04
4.513746825978159904e-04
4.610281321220099926e-04
4.719803109765052795e-04
4.908675327897071838e-04
4.949771100655198097e-04
5.034065106883645058e-04
4.848519747611135244e-04
4.627712187357246876e-04
4.621660336852073669e-04
4.572490579448640347e-04
4.594062920659780502e-04
4.483685770537704229e-04
4.480017232708632946e-04
4.542556125670671463e-04
4.403985512908548117e-04
4.358231090009212494e-04
4.425040096975862980e-04
4.459203628357499838e-04
4.455317684914916754e-04
4.445907834451645613e-04
4.539616347756236792e-04
4.786183999385684729e-04
4.962749080732464790e-04
5.208734655752778053e-04
5.043759010732173920e-04
5.217749858275055885e-04
4.846106166951358318e-04
4.942768719047307968e-04
5.035137874074280262e-04
4.566728021018207073e-04
4.620816907845437527e-04
4.743080062326043844e-04
4.569468437694013119e-04
4.481331852730363607e-04
4.479371418710798025e-04
4.450465785339474678e-04
4.455198068171739578e-04
4.429417604114860296e-04
4.358717123977839947e-04
4.403428174555301666e-04
4.315307305660098791e-04
4.351399256847798824e-04
4.358098958618938923e-04
4.307254857849329710e-04
4.329188668634742498e-04
4.371994582470506430e-04
4.303766763769090176e-04
4.303650639485567808e-04
4.366121429484337568e-04
4.306130576878786087e-04
4.285501781851053238e-04
4.274617822375148535e-04
4.236095992382615805e-04
4.274890234228223562e-04
4.377730074338614941e-04
4.481166542973369360e-04
4.548921715468168259e-04
4.640900006052106619e-04
4.469055566005408764e-04
4.321793094277381897e-04
4.348560178186744452e-04
4.563586262520402670e-04
4.691074718721210957e-04
4.765567719005048275e-04
4.542296228464692831e-04
4.766446072608232498e-04
5.026964354328811169e-04
4.745164187625050545e-04
4.580508684739470482e-04
4.741769516840577126e-04
4.708426422439515591e-04
4.334774275775998831e-04
4.410779220052063465e-04
4.503723466768860817e-04
4.423823556862771511e-04
4.342548490967601538e-04
4.344031622167676687e-04
4.318714491091668606e-04
4.128588479943573475e-04
4.171014297753572464e-04
4.242028226144611835e-04
4.140404926147311926e-04
4.148104926571249962e-04
4.131600435357540846e-04
4.102658422198146582e-04
4.070458817295730114e-04
4.071216098964214325e-04
4.077763296663761139e-04
4.128768923692405224e-04
4.191317129880189896e-04
4.327111528255045414e-04
4.485200042836368084e-04
4.777825379278510809e-04
4.656135279219597578e-04
4.653671057894825935e-04
4.598659870680421591e-04
4.763999895658344030e-04
4.738930147141218185e-04
4.427147505339235067e-04
4.492639563977718353e-04
4.611582262441515923e-04
4.535327607300132513e-04
4.537948407232761383e-04
4.484957316890358925e-04
4.544103867374360561e-04
4.471448482945561409e-04
4.227899480611085892e-04
4.273927188478410244e-04
4.237830871716141701e-04
4.115156771149486303e-04
4.184920107945799828e-04
4.226022865623235703e-04
4.121578240301460028e-04
4.108040011487901211e-04
4.128946457058191299e-04
4.054352175444364548e-04
4.037370381411164999e-04
4.065636021550744772e-04
4.068117996212095022e-04
4.173940978944301605e-04
4.250366182532161474e-04
4.400590842124074697e-04
4.403681959956884384e-04
4.393622220959514380e-04
4.210505576338618994e-04
4.287315241526812315e-04
4.617828817572444677e-04
4.479229683056473732e-04
4.459056071937084198e-04
4.533768515102565289e-04
4.341658204793930054e-04
4.261807480361312628e-04
4.397160373628139496e-04
4.307279305066913366e-04
4.272472579032182693e-04
4.233468789607286453e-04
4.263528098817914724e-04
4.141954705119132996e-04
4.117446369491517544e-04
4.146375868003815413e-04
4.044271190650761127e-04
4.041341308038681746e-04
3.990470431745052338e-04
3.998381434939801693e-04
3.968544770032167435e-04
3.989676479250192642e-04
4.028126131743192673e-04
3.999589825980365276e-04
4.049059643875807524e-04
4.149600863456726074e-04
4.260690184310078621e-04
4.508355632424354553e-04
4.755294648930430412e-04
5.050533218309283257e-04
5.036935326643288136e-04
5.013999762013554573e-04
4.811053804587572813e-04
4.599791427608579397e-04
4.548731958493590355e-04
4.407862143125385046e-04
4.348665825091302395e-04
4.277119587641209364e-04
4.226909950375556946e-04
4.187871236354112625e-04
4.185001307632774115e-04
4.097463097423315048e-04
4.087878623977303505e-04
4.084468237124383450e-04
4.001928900834172964e-04
3.960497560910880566e-04
3.971147816628217697e-04
3.980928740929812193e-04
3.947778022848069668e-04
3.985238727182149887e-04
4.040700732730329037e-04
4.137721844017505646e-04
4.305697220843285322e-04
4.519163630902767181e-04
4.716193652711808681e-04
4.602046101354062557e-04
4.175277426838874817e-04
3.928329970221966505e-04
4.119621589779853821e-04
4.304988251533359289e-04
4.089312569703906775e-04
3.963905328419059515e-04
4.009152180515229702e-04
3.989364486187696457e-04
3.896722337231040001e-04
3.876226255670189857e-04
3.938282316084951162e-04
3.909069055225700140e-04
3.839429118670523167e-04
3.844189341180026531e-04
3.867550403811037540e-04
3.826203464996069670e-04
3.774519427679479122e-04
3.789569600485265255e-04
3.838077536784112453e-04
3.786734305322170258e-04
3.745625144802033901e-04
3.789576876442879438e-04
3.863292222376912832e-04
3.899547737091779709e-04
4.009175463579595089e-04
4.148365405853837729e-04
4.234318621456623077e-04
4.083613748662173748e-04
3.869197971653193235e-04
3.762570850085467100e-04
3.899311413988471031e-04
4.071638686582446098e-04
4.041833744850009680e-04
3.965286305174231529e-04
3.975829458795487881e-04
4.101030062884092331e-04
4.161579417996108532e-04
3.991824050899595022e-04
3.943205229006707668e-04
4.017903411295264959e-04
3.973132406827062368e-04
4.072504525538533926e-04
4.146824940107762814e-04
4.236692911945283413e-04
4.026398237328976393e-04
3.879008290823549032e-04
3.905254998244345188e-04
3.920163144357502460e-04
3.851631190627813339e-04
3.819785197265446186e-04
3.945990465581417084e-04
3.875946567859500647e-04
3.775402437895536423e-04
3.779699327424168587e-04
3.714826307259500027e-04
3.671141457743942738e-04
3.745295107364654541e-04
3.783677238970994949e-04
3.750330652110278606e-04
3.756242513190954924e-04
3.811781061813235283e-04
3.899302973877638578e-04
4.133615875616669655e-04
4.243049188517034054e-04
4.450067644938826561e-04
4.293234087526798248e-04
4.169629537500441074e-04
4.376020515337586403e-04
4.606925358530133963e-04
4.405303043313324451e-04
4.197419038973748684e-04
4.309401265345513821e-04
4.224503645673394203e-04
3.902909811586141586e-04
3.939360030926764011e-04
4.004265647381544113e-04
3.858358249999582767e-04
3.837559779640287161e-04
3.850371576845645905e-04
3.770529874600470066e-04
3.759278624784201384e-04
3.779120743274688721e-04
3.695174818858504295e-04
3.676341148093342781e-04
3.720684617292135954e-04
3.652069717645645142e-04
3.640144132077693939e-04
3.678963985294103622e-04
3.644819371402263641e-04
3.703275579027831554e-04
3.786577726714313030e-04
3.921588358934968710e-04
4.055121680721640587e-04
4.233719664625823498e-04
4.045360255986452103e-04
3.847074403893202543e-04
3.746510192286223173e-04
3.829623456113040447e-04
3.934053238481283188e-04
3.746604488696902990e-04
3.729733580257743597e-04
3.787092864513397217e-04
3.817153628915548325e-04
3.857753181364387274e-04
3.704480477608740330e-04
3.649460559245198965e-04
3.716996288858354092e-04
3.657845081761479378e-04
3.625634999480098486e-04
3.621468204073607922e-04
3.622603544499725103e-04
3.651234728749841452e-04
3.622610238380730152e-04
3.625125100370496511e-04
3.637152258306741714e-04
3.690386074595153332e-04
3.831612411886453629e-04
4.085875698365271091e-04
4.428851825650781393e-04
4.708579508587718010e-04
4.853144637309014797e-04
4.468599800020456314e-04
4.705458413809537888e-04
4.523568204604089260e-04
4.564916889648884535e-04
4.530391888692975044e-04
4.200550611130893230e-04
4.287270712666213512e-04
4.308392235543578863e-04
4.051951109431684017e-04
4.067908739671111107e-04
4.025736125186085701e-04
3.918203874491155148e-04
3.888693172484636307e-04
3.849369823001325130e-04
3.783744177781045437e-04
3.738519735634326935e-04
3.737407678272575140e-04
3.637715126387774944e-04
3.678688954096287489e-04
3.605817328207194805e-04
3.583236248232424259e-04
3.561162739060819149e-04
3.573311842046678066e-04
3.526709624566137791e-04
3.524125495459884405e-04
3.490606904961168766e-04
3.481698222458362579e-04
3.486954083200544119e-04
3.468271752353757620e-04
3.477323334664106369e-04
3.515064017847180367e-04
3.573160793166607618e-04
3.743825363926589489e-04
4.041854699607938528e-04
4.419239703565835953e-04
4.819406603928655386e-04
4.627928137779235840e-04
3.991510602645576000e-04
3.959597961511462927e-04
4.297872947063297033e-04
4.127697029616683722e-04
