0.000000000000000000e+00
5.301383789628744125e-03
8.831538259983062744e-03
4.115613177418708801e-03
5.431935191154479980e-03
4.585867282003164291e-03
3.792681265622377396e-03
3.585988190025091171e-03
3.506804350763559341e-03
3.422626294195652008e-03
3.116517094895243645e-03
2.924102125689387321e-03
2.930374816060066223e-03
2.921162871643900871e-03
2.840942470356822014e-03
2.732531633228063583e-03
2.632992342114448547e-03
2.573761157691478729e-03
2.532567828893661499e-03
2.478558337315917015e-03
2.431887667626142502e-03
2.391444751992821693e-03
2.346698660403490067e-03
2.310354728251695633e-03
2.278371248394250870e-03
2.245036885142326355e-03
2.211225684732198715e-03
2.180071081966161728e-03
2.153572393581271172e-03
2.125799655914306641e-03
2.098002005368471146e-03
2.074659569188952446e-03
2.052990021184086800e-03
2.030717441812157631e-03
2.010511932894587517e-03
1.986702438443899155e-03
1.961928326636552811e-03
1.941699301823973656e-03
1.923410571180284023e-03
1.904568052850663662e-03
1.881975680589675903e-03
1.859554788097739220e-03
1.840729033574461937e-03
1.824353588744997978e-03
1.805984182283282280e-03
1.785270869731903076e-03
1.765179797075688839e-03
1.747358939610421658e-03
1.730534946545958519e-03
1.713225618004798889e-03
1.696535735391080379e-03
1.678978092968463898e-03
1.662600552663207054e-03
1.648164819926023483e-03
1.632878324016928673e-03
1.617761328816413879e-03
1.602278789505362511e-03
1.587339909747242928e-03
1.573625369928777218e-03
1.558741321787238121e-03
1.543923164717853069e-03
1.530301524326205254e-03
1.516113057732582092e-03
1.502400031313300133e-03
1.488702255301177502e-03
1.475330907851457596e-03
1.461845589801669121e-03
1.448393566533923149e-03
1.435190904885530472e-03
1.422079280018806458e-03
1.409475575201213360e-03
1.396966166794300079e-03
1.384503208100795746e-03
1.372267492115497589e-03
1.360535970889031887e-03
1.349932979792356491e-03
1.344181597232818604e-03
1.353185507468879223e-03
1.399174798280000687e-03
1.401933724991977215e-03
1.330152852460741997e-03
1.306073972955346107e-03
1.327046891674399376e-03
1.301093958318233490e-03
1.267554936930537224e-03
1.282699755392968655e-03
1.265066093765199184e-03
1.237280201166868210e-03
1.243134727701544762e-03
1.226421445608139038e-03
1.208602800033986568e-03
1.210791408084332943e-03
1.208245637826621532e-03
1.192558207549154758e-03
1.196750788949429989e-03
1.200402271933853626e-03
1.205295324325561523e-03
1.175946090370416641e-03
1.159027684479951859e-03
1.147462637163698673e-03
1.135656493715941906e-03
1.149946125224232674e-03
1.124079921282827854e-03
1.111940713599324226e-03
1.120952190831303596e-03
1.092820428311824799e-03
1.088660908862948418e-03
1.102699199691414833e-03
1.079766545444726944e-03
1.071347389370203018e-03
1.074568834155797958e-03
1.062566181644797325e-03
1.059194095432758331e-03
1.057107467204332352e-03
1.038380898535251617e-03
1.037989044561982155e-03
1.031796913594007492e-03
1.019222894683480263e-03
1.011611428111791611e-03
1.008537597954273224e-03
1.007659127935767174e-03
1.000292599201202393e-03
9.997538290917873383e-04
9.962149197235703468e-04
9.882382582873106003e-04
9.738838998600840569e-04
9.800961706787347794e-04
1.009419211186468601e-03
1.046777935698628426e-03
1.143405446782708168e-03
1.012064982205629349e-03
1.108107157051563263e-03
1.005200203508138657e-03
1.043492811731994152e-03
9.910711087286472321e-04
1.006257254630327225e-03
9.715313790366053581e-04
9.796873200684785843e-04
9.644773672334849834e-04
9.500488522462546825e-04
9.480984881520271301e-04
9.351902990601956844e-04
9.359419345855712891e-04
9.149053948931396008e-04
9.268826688639819622e-04
9.038727730512619019e-04
9.065109188668429852e-04
8.935266523621976376e-04
8.889559539966285229e-04
8.802031516097486019e-04
8.768673869781196117e-04
8.688870584592223167e-04
8.632723474875092506e-04
8.582819136790931225e-04
8.563435985706746578e-04
8.625746704638004303e-04
8.835526532493531704e-04
9.679996292106807232e-04
1.069958088919520378e-03
9.835397358983755112e-04
8.602797752246260643e-04
9.304693667218089104e-04
9.103358606807887554e-04
8.494852809235453606e-04
8.875909261405467987e-04
8.594414102844893932e-04
8.394680917263031006e-04
8.638338185846805573e-04
8.345927344635128975e-04
8.547462057322263718e-04
8.888380834832787514e-04
9.223292581737041473e-04
9.540940518490970135e-04
8.382101077586412430e-04
8.917158702388405800e-04
9.045923361554741859e-04
8.515670779161155224e-04
8.602637681178748608e-04
8.411385933868587017e-04
8.407463319599628448e-04
8.135435637086629868e-04
8.207040373235940933e-04
8.044083369895815849e-04
8.008276345208287239e-04
7.952050655148923397e-04
7.858303142711520195e-04
7.823809282854199409e-04
7.750461809337139130e-04
7.710244390182197094e-04
7.641318952664732933e-04
7.584026898257434368e-04
7.556799682788550854e-04
7.517307531088590622e-04
7.446393137797713280e-04
7.419606554321944714e-04
7.396357832476496696e-04
7.336590206250548363e-04
7.280164281837642193e-04
7.276730611920356750e-04
7.220261613838374615e-04
7.215653313323855400e-04
7.166708819568157196e-04
7.132126484066247940e-04
7.080177310854196548e-04
7.078118505887687206e-04
7.047032704576849937e-04
7.019756594672799110e-04
7.000165060162544250e-04
6.969822570681571960e-04
6.975772557780146599e-04
7.007298991084098816e-04
7.144347764551639557e-04
7.319659925997257233e-04
7.756393169984221458e-04
7.238930556923151016e-04
7.019554614089429379e-04
7.218451937660574913e-04
7.118537323549389839e-04
6.952217663638293743e-04
6.848347256891429424e-04
6.886292248964309692e-04
6.982691120356321335e-04
6.866510957479476929e-04
6.938764709047973156e-04
7.286956533789634705e-04
7.285463507287204266e-04
7.319909054785966873e-04
7.443848298862576485e-04
7.078453782014548779e-04
7.013265858404338360e-04
6.967258523218333721e-04
6.832370418123900890e-04
6.770947366021573544e-04
6.762029370293021202e-04
6.791689665988087654e-04
6.756686489097774029e-04
6.603232468478381634e-04
6.545669748447835445e-04
6.576594896614551544e-04
6.566952797584235668e-04
6.463857134804129601e-04
6.459865253418684006e-04
6.437061820179224014e-04
6.378301768563687801e-04
6.363476859405636787e-04
6.328407907858490944e-04
6.344686844386160374e-04
6.368371541611850262e-04
6.349070463329553604e-04
6.430697394534945488e-04
6.453138776123523712e-04
6.557237356901168823e-04
6.632201839238405228e-04
6.891409866511821747e-04
6.984485080465674400e-04
7.194640347734093666e-04
7.387818186543881893e-04
6.761610275134444237e-04
6.486752536147832870e-04
6.813203217461705208e-04
6.599629996344447136e-04
6.306352443061769009e-04
6.416010437533259392e-04
6.399118574336171150e-04
6.318129017017781734e-04
6.284035043790936470e-04
6.243592360988259315e-04
6.188955157995223999e-04
6.111021502874791622e-04
6.088499212637543678e-04
6.089970702305436134e-04
6.059027509763836861e-04
5.959062837064266205e-04
6.019158172421157360e-04
6.000332068651914597e-04
5.925499135628342628e-04
5.983250448480248451e-04
5.952836363576352596e-04
5.964322481304407120e-04
5.927887395955622196e-04
5.956547101959586143e-04
5.951952189207077026e-04
6.038232240825891495e-04
6.017630221322178841e-04
6.126196240074932575e-04
6.159081822261214256e-04
6.330599426291882992e-04
6.343717686831951141e-04
6.186242098920047283e-04
6.140336045064032078e-04
6.202417425811290741e-04
6.334868376143276691e-04
6.243321695365011692e-04
6.187986582517623901e-04
6.191411521285772324e-04
5.887813167646527290e-04
5.900033283978700638e-04
5.989046767354011536e-04
5.923785502091050148e-04
5.840100347995758057e-04
5.770599236711859703e-04
5.664781201630830765e-04
5.742619978263974190e-04
5.750865093432366848e-04
5.625446792691946030e-04
5.660150200128555298e-04
5.608758074231445789e-04
5.514265503734350204e-04
5.546049214899539948e-04
5.594415124505758286e-04
5.560258287005126476e-04
5.633803666569292545e-04
5.661888280883431435e-04
5.814653122797608376e-04
5.944544100202620029e-04
6.382165593095123768e-04
6.517247529700398445e-04
6.443588063120841980e-04
6.091867107897996902e-04
5.734951701015233994e-04
6.067816866561770439e-04
5.873318878002464771e-04
5.693079438060522079e-04
5.824946565553545952e-04
5.619380390271544456e-04
5.559310084208846092e-04
5.665572825819253922e-04
5.514696240425109863e-04
5.460116080939769745e-04
5.513263167813420296e-04
5.408425931818783283e-04
5.401829839684069157e-04
5.383176030591130257e-04
5.331746651791036129e-04
5.321871722117066383e-04
5.323294899426400661e-04
5.306270322762429714e-04
5.283197388052940369e-04
5.326028331182897091e-04
5.384222022257745266e-04
5.566868931055068970e-04
5.686983349733054638e-04
6.009688950143754482e-04
5.673505365848541260e-04
5.419936496764421463e-04
5.466119037009775639e-04
5.673170089721679688e-04
5.844960105605423450e-04
5.451092729344964027e-04
5.425717099569737911e-04
5.708568496629595757e-04
5.335144232958555222e-04
5.379755748435854912e-04
5.651919636875391006e-04
5.255310097709298134e-04
5.480494000948965549e-04
5.675982683897018433e-04
5.307153332978487015e-04
5.625338526442646980e-04
5.521478597074747086e-04
5.343719967640936375e-04
5.550539935939013958e-04
5.318815237842500210e-04
5.278139724396169186e-04
5.366592085920274258e-04
5.194371915422379971e-04
5.209280061535537243e-04
5.162841989658772945e-04
5.096355453133583069e-04
5.130220670253038406e-04
5.037024966441094875e-04
5.076662637293338776e-04
5.025875288993120193e-04
5.008216830901801586e-04
5.045491270720958710e-04
4.971829475834965706e-04
5.032401531934738159e-04
5.014175549149513245e-04
5.122054717503488064e-04
5.297168972901999950e-04
5.703658680431544781e-04
6.120735779404640198e-04
6.506792269647121429e-04
6.246526027098298073e-04
6.076272111386060715e-04
5.934196524322032928e-04
5.640980089083313942e-04
5.778563790954649448e-04
5.661086179316043854e-04
5.478777457028627396e-04
5.723346257582306862e-04
5.600611330009996891e-04
5.415630876086652279e-04
5.370271392166614532e-04
5.358802154660224915e-04
5.221789469942450523e-04
5.210362141951918602e-04
5.161642911843955517e-04
5.083192954771220684e-04
5.057387752458453178e-04
5.036685033701360226e-04
4.979209043085575104e-04
4.937895573675632477e-04
4.918084596283733845e-04
4.868272226303815842e-04
4.865757655352354050e-04
4.821383045054972172e-04
4.809925449080765247e-04
4.769045335706323385e-04
4.763812466990202665e-04
4.722612793557345867e-04
4.721246659755706787e-04
4.690565983764827251e-04
4.700163844972848892e-04
4.690201894845813513e-04
4.693861701525747776e-04
4.730863147415220737e-04
4.764649493154138327e-04
4.877384926658123732e-04
4.938087076880037785e-04
4.990270826965570450e-04
4.835730651393532753e-04
4.689326160587370396e-04
4.676509124692529440e-04
4.745744518004357815e-04
4.848362586926668882e-04
4.711541696451604366e-04
4.600545507855713367e-04
4.595335049089044333e-04
4.646687884815037251e-04
4.670817870646715164e-04
4.609097668435424566e-04
4.556847270578145981e-04
4.575317143462598324e-04
4.595842328853905201e-04
4.634570213966071606e-04
4.623408312909305096e-04
4.728375351987779140e-04
4.850375407841056585e-04
5.254343850538134575e-04
5.383929237723350525e-04
5.891155451536178589e-04
6.666216067969799042e-04
6.729477318003773689e-04
5.979251582175493240e-04
5.448310403153300285e-04
5.679251044057309628e-04
5.485668662004172802e-04
5.328010884113609791e-04
5.153790116310119629e-04
5.328607512637972832e-04
5.108169862069189548e-04
5.060106050223112106e-04
5.039197276346385479e-04
4.934902535751461983e-04
4.924835520796477795e-04
4.778068687301129103e-04
4.841633490286767483e-04
4.689160268753767014e-04
4.737370181828737259e-04
4.630400217138230801e-04
4.635038785636425018e-04
4.579588421620428562e-04
4.570708260871469975e-04
4.516600165516138077e-04
4.513003805186599493e-04
4.483330994844436646e-04
4.469415871426463127e-04
4.442274512257426977e-04
4.439489566721022129e-04
4.399764584377408028e-04
4.396596341393887997e-04
4.374930867925286293e-04
4.347521462477743626e-04
4.338497237768024206e-04
4.321620799601078033e-04
4.312667006161063910e-04
4.320447333157062531e-04
4.311649827286601067e-04
4.358320729807019234e-04
4.454823792912065983e-04
4.737843410111963749e-04
5.278703756630420685e-04
5.861982936039566994e-04
5.840251687914133072e-04
5.331664578989148140e-04
5.059184040874242783e-04
5.042951088398694992e-04
4.961198428645730019e-04
4.890144919045269489e-04
4.634571669157594442e-04
4.715278628282248974e-04
4.748531500808894634e-04
4.520989023149013519e-04
4.549631848931312561e-04
4.576109058689326048e-04
4.465277888812124729e-04
4.439386539161205292e-04
4.468339029699563980e-04
4.363494808785617352e-04
4.364572814665734768e-04
4.360264574643224478e-04
4.307294730097055435e-04
4.301133449189364910e-04
4.251925274729728699e-04
4.278646665625274181e-04
4.213703214190900326e-04
4.205417062621563673e-04
4.236248205415904522e-04
4.167674924246966839e-04
4.192653577774763107e-04
4.192892811261117458e-04
4.204912111163139343e-04
4.191771149635314941e-04
4.256667452864348888e-04
4.283627495169639587e-04
4.382661427371203899e-04
4.344218759797513485e-04
4.405099316500127316e-04
4.292255616746842861e-04
4.254583909641951323e-04
4.326057969592511654e-04
4.379758029244840145e-04
4.725950711872428656e-04
4.784740449395030737e-04
4.924030508846044540e-04
4.889894044026732445e-04
4.788218066096305847e-04
4.927772097289562225e-04
4.888181574642658234e-04
4.752335371449589729e-04
4.678930563386529684e-04
4.578780790325254202e-04
4.551655147224664688e-04
4.426070372574031353e-04
4.418034513946622610e-04
4.466069804038852453e-04
4.296113620512187481e-04
4.290130455046892166e-04
4.334989935159683228e-04
4.160870448686182499e-04
4.213929641991853714e-04
4.195237997919321060e-04
4.135116469115018845e-04
4.135850758757442236e-04
4.087507259100675583e-04
4.090115835424512625e-04
4.074882017448544502e-04
4.034898884128779173e-04
4.019301850348711014e-04
4.033049335703253746e-04
4.039382911287248135e-04
4.076298209838569164e-04
4.165341961197555065e-04
4.247163888067007065e-04
4.411332774907350540e-04
4.289076896384358406e-04
4.140851087868213654e-04
4.056800098624080420e-04
4.144071135669946671e-04
4.377190198283642530e-04
4.252760554663836956e-04
4.161249380558729172e-04
4.198533424641937017e-04
4.309739451855421066e-04
4.301137523725628853e-04
4.246790776960551739e-04
4.285116156097501516e-04
4.340227169450372458e-04
4.108225111849606037e-04
4.018918552901595831e-04
4.156797076575458050e-04
4.127127467654645443e-04
4.070801078341901302e-04
4.022989887744188309e-04
4.075522010680288076e-04
4.059271886944770813e-04
3.971934202127158642e-04
4.055977915413677692e-04
4.197147209197282791e-04
4.231967031955718994e-04
4.314002580940723419e-04
4.303110763430595398e-04
4.231351194903254509e-04
4.100126097910106182e-04
4.197312518954277039e-04
4.295324324630200863e-04
4.133419133722782135e-04
4.026490205433219671e-04
3.993242280557751656e-04
4.028651746921241283e-04
3.977627493441104889e-04
3.955161082558333874e-04
3.932963591068983078e-04
3.919055452570319176e-04
3.990221302956342697e-04
3.947045188397169113e-04
3.887037746608257294e-04
3.894399851560592651e-04
3.927156503777951002e-04
3.945066127926111221e-04
4.029741976410150528e-04
4.215876979287713766e-04
4.309219657443463802e-04
4.490662831813097000e-04
4.305185866542160511e-04
4.248394398018717766e-04
4.357644938863813877e-04
4.402111226227134466e-04
4.349595110397785902e-04
4.227943136356770992e-04
4.183895071037113667e-04
4.162924306001514196e-04
4.028279508929699659e-04
3.988830139860510826e-04
3.952450060751289129e-04
3.960311878472566605e-04
3.889750805683434010e-04
3.862036392092704773e-04
3.902601893059909344e-04
3.823294246103614569e-04
3.798617690335959196e-04
3.808721667155623436e-04
3.770915791392326355e-04
3.756113292183727026e-04
3.756033256649971008e-04
3.771841002162545919e-04
3.792096104007214308e-04
3.862611483782529831e-04
4.025961679872125387e-04
4.273107624612748623e-04
4.658101534005254507e-04
4.722591838799417019e-04
4.715325776487588882e-04
4.386830260045826435e-04
4.358220612630248070e-04
4.438764881342649460e-04
4.373888950794935226e-04
4.130719171371310949e-04
4.055573081132024527e-04
4.207032616250216961e-04
4.070575814694166183e-04
3.843866288661956787e-04
4.051670839544385672e-04
3.983244241680949926e-04
3.834542294498533010e-04
3.886356425937265158e-04
3.889419313054531813e-04
3.776723169721662998e-04
3.786629240494221449e-04
3.829237539321184158e-04
3.737524093594402075e-04
3.752361226361244917e-04
3.750768664758652449e-04
3.676563501358032227e-04
3.692552854772657156e-04
3.713194746524095535e-04
3.673697938211262226e-04
3.703039546962827444e-04
3.737850929610431194e-04
3.826270985882729292e-04
3.904963377863168716e-04
4.129209264647215605e-04
4.076800250913947821e-04
3.998331958428025246e-04
3.887797356583178043e-04
3.940890019293874502e-04
3.940437454730272293e-04
3.864180762320756912e-04
3.762567648664116859e-04
3.746854781638830900e-04
3.835646784864366055e-04
3.799858386628329754e-04
3.658883506432175636e-04
