0.000000000000000000e+00
5.077833309769630432e-03
4.966599866747856140e-03
4.477891139686107635e-03
3.461774438619613647e-03
3.283975180238485336e-03
3.131245961412787437e-03
2.833088394254446030e-03
2.764879725873470306e-03
2.712896792218089104e-03
2.633200958371162415e-03
2.533353632315993309e-03
2.444348065182566643e-03
2.416822360828518867e-03
2.353927819058299065e-03
2.272111363708972931e-03
2.222366165369749069e-03
2.197477500885725021e-03
2.171760192140936852e-03
2.130678389221429825e-03
2.085395157337188721e-03
2.064999891445040703e-03
2.042431384325027466e-03
1.992475474253296852e-03
1.956276595592498779e-03
1.939727808348834515e-03
1.921984367072582245e-03
1.897176960483193398e-03
1.863804995082318783e-03
1.838952302932739258e-03
1.827299827709794044e-03
1.804851694032549858e-03
1.780496328137814999e-03
1.757221645675599575e-03
1.734285964630544186e-03
1.715709804557263851e-03
1.695065526291728020e-03
1.676704268902540207e-03
1.660028472542762756e-03
1.639927504584193230e-03
1.622174866497516632e-03
1.605952507816255093e-03
1.589037245139479637e-03
1.573443296365439892e-03
1.556084258481860161e-03
1.539072371087968349e-03
1.523466780781745911e-03
1.507060602307319641e-03
1.491992967203259468e-03
1.475305296480655670e-03
1.461081905290484428e-03
1.447269110940396786e-03
1.432287506759166718e-03
1.417777501046657562e-03
1.404185197316110134e-03
1.390027813613414764e-03
1.376332598738372326e-03
1.364093623124063015e-03
1.354834996163845062e-03
1.372299506328999996e-03
1.495886477641761303e-03
1.579697942361235619e-03
1.405966817401349545e-03
1.422588131390511990e-03
1.438558101654052734e-03
1.393016427755355835e-03
1.373145030811429024e-03
1.355899032205343246e-03
1.320997136645019054e-03
1.328276470303535461e-03
1.288357540033757687e-03
1.291578169912099838e-03
1.261160941794514656e-03
1.255480339750647545e-03
1.240993500687181950e-03
1.228391425684094429e-03
1.214392483234405518e-03
1.200096216052770615e-03
1.190231181681156158e-03
1.178320380859076977e-03
1.165390014648437500e-03
1.154252793639898300e-03
1.144979614764451981e-03
1.130845863372087479e-03
1.127305789850652218e-03
1.110438141040503979e-03
1.104462426155805588e-03
1.095460378564894199e-03
1.084773452021181583e-03
1.078421017155051231e-03
1.065277960151433945e-03
1.059181522578001022e-03
1.051624072715640068e-03
1.041086856275796890e-03
1.032633939757943153e-03
1.024511177092790604e-03
1.015548477880656719e-03
1.005980884656310081e-03
1.000989228487014771e-03
9.913786780089139938e-04
9.864980820566415787e-04
9.845464956015348434e-04
9.959242306649684906e-04
1.032163854688405991e-03
1.115901977755129337e-03
1.049468060955405235e-03
9.920347947627305984e-04
9.967269143089652061e-04
9.880759753286838531e-04
9.787804447114467621e-04
9.621349163353443146e-04
9.540754836052656174e-04
9.419065900146961212e-04
9.385826997458934784e-04
9.372197091579437256e-04
9.137196466326713562e-04
9.104110649786889553e-04
9.124343632720410824e-04
8.946890011429786682e-04
8.852641331031918526e-04
8.830255828797817230e-04
8.757660980336368084e-04
8.640666492283344269e-04
8.601624285802245140e-04
8.568902267143130302e-04
8.439041557721793652e-04
8.477182127535343170e-04
8.368255803361535072e-04
8.258875459432601929e-04
8.254272397607564926e-04
8.220359450206160545e-04
8.206310449168086052e-04
8.360735955648124218e-04
8.832886815071105957e-04
9.986304212361574173e-04
9.222814696840941906e-04
8.827316341921687126e-04
8.912648772820830345e-04
8.246878860518336296e-04
8.549165795557200909e-04
8.356667822226881981e-04
8.284946670755743980e-04
8.123498409986495972e-04
8.047649171203374863e-04
8.137451368384063244e-04
7.835713913664221764e-04
7.924246019683778286e-04
8.024092530831694603e-04
7.719944696873426437e-04
7.805743953213095665e-04
7.863519131205976009e-04
7.668307516723871231e-04
7.568717701360583305e-04
7.636485970579087734e-04
7.427422096952795982e-04
7.460943306796252728e-04
7.352712564170360565e-04
7.332751993089914322e-04
7.323484751395881176e-04
7.144652772694826126e-04
7.227952592074871063e-04
7.203320856206119061e-04
7.079460192471742630e-04
7.056553731672465801e-04
7.045879028737545013e-04
6.992669077590107918e-04
6.972327828407287598e-04
6.943090702407062054e-04
6.856824038550257683e-04
6.839155685156583786e-04
6.798345129936933517e-04
6.728217704221606255e-04
6.744984420947730541e-04
6.761957774870097637e-04
6.835123058408498764e-04
7.214093348011374474e-04
8.060230175033211708e-04
9.503724868409335613e-04
1.081474940292537212e-03
8.265714859589934349e-04
8.315960876643657684e-04
8.970308117568492889e-04
7.538445061072707176e-04
8.355951285921037197e-04
7.579671218991279602e-04
7.768775103613734245e-04
7.564687984995543957e-04
7.304648752324283123e-04
7.403888739645481110e-04
7.095892797224223614e-04
7.170763565227389336e-04
6.980874459259212017e-04
6.938234437257051468e-04
6.846973556093871593e-04
6.799224647693336010e-04
6.671175360679626465e-04
6.707731517963111401e-04
6.533480482175946236e-04
6.622066139243543148e-04
6.435758550651371479e-04
6.472637178376317024e-04
6.385640008375048637e-04
6.331095355562865734e-04
6.341043626889586449e-04
6.226540426723659039e-04
6.258182111196219921e-04
6.180062191560864449e-04
6.159126642160117626e-04
6.135419826023280621e-04
6.074319826439023018e-04
6.076607969589531422e-04
6.014410173520445824e-04
6.001355941407382488e-04
5.974943051114678383e-04
5.931567866355180740e-04
5.922698182985186577e-04
5.888877203688025475e-04
5.860438104718923569e-04
5.841072415933012962e-04
5.807829438708722591e-04
5.793644813820719719e-04
5.763267399743199348e-04
5.738334148190915585e-04
5.724005750380456448e-04
5.717868916690349579e-04
5.743554211221635342e-04
5.936073721386492252e-04
6.258572684600949287e-04
7.141553796827793121e-04
6.495694979093968868e-04
6.088690715841948986e-04
6.261506932787597179e-04
6.189591949805617332e-04
6.059026345610618591e-04
5.965791060589253902e-04
6.088067311793565750e-04
5.908490275032818317e-04
5.807829438708722591e-04
5.958253750577569008e-04
5.766866379417479038e-04
5.748327239416539669e-04
5.794321186840534210e-04
5.607351195067167282e-04
5.681866314262151718e-04
5.595686379820108414e-04
5.517159588634967804e-04
5.571739166043698788e-04
5.452707991935312748e-04
5.483335698954761028e-04
5.435484927147626877e-04
5.388766876421868801e-04
5.405955016613006592e-04
5.337320035323500633e-04
5.332899745553731918e-04
5.327438702806830406e-04
5.269439425319433212e-04
5.258513847365975380e-04
5.247207009233534336e-04
5.238383309915661812e-04
5.278644384816288948e-04
5.356501787900924683e-04
5.645733326673507690e-04
6.228345446288585663e-04
7.152345497161149979e-04
6.758339586667716503e-04
5.783028318546712399e-04
5.928382161073386669e-04
6.010296638123691082e-04
5.561198922805488110e-04
5.774013116024434566e-04
5.611423403024673462e-04
5.309758707880973816e-04
5.632973043248057365e-04
5.415258929133415222e-04
5.247343215160071850e-04
5.414130282588303089e-04
5.176349659450352192e-04
5.308265099301934242e-04
5.267320666462182999e-04
5.100353155285120010e-04
5.241369362920522690e-04
5.165338516235351562e-04
5.077628884464502335e-04
5.081039853394031525e-04
5.073924548923969269e-04
5.004591657780110836e-04
5.048124585300683975e-04
5.056796362623572350e-04
5.004080012440681458e-04
5.066085141152143478e-04
5.120811401866376400e-04
5.127745680510997772e-04
5.204472690820693970e-04
5.115898675285279751e-04
4.999599768780171871e-04
4.856843152083456516e-04
4.878258332610130310e-04
4.959343350492417812e-04
4.947448614984750748e-04
5.059348186478018761e-04
4.971688613295555115e-04
4.943822859786450863e-04
4.951820010319352150e-04
5.101822316646575928e-04
5.213186959736049175e-04
5.169091746211051941e-04
5.095432279631495476e-04
4.973149625584483147e-04
4.872648278251290321e-04
4.867681709583848715e-04
4.830161924473941326e-04
4.775557317771017551e-04
4.768278449773788452e-04
4.805612843483686447e-04
4.813419072888791561e-04
4.737173439934849739e-04
4.685412277467548847e-04
4.670431371778249741e-04
4.706716572400182486e-04
4.849604447372257710e-04
4.866374365519732237e-04
4.997364594601094723e-04
4.889107076451182365e-04
4.765774356201291084e-04
4.630161856766790152e-04
4.626487498171627522e-04
4.709569620899856091e-04
4.667561152018606663e-04
4.582423134706914425e-04
4.540094814728945494e-04
4.596089711412787437e-04
4.651747294701635838e-04
4.682242870330810547e-04
4.683032166212797165e-04
4.715905524790287018e-04
4.879323241766542196e-04
4.951590672135353088e-04
5.003382102586328983e-04
4.912746953777968884e-04
4.769697261508554220e-04
4.629547474905848503e-04
4.670911584980785847e-04
4.801002505701035261e-04
4.825584474019706249e-04
4.702964215539395809e-04
4.861922643613070250e-04
5.012733745388686657e-04
4.752612148877233267e-04
4.672584473155438900e-04
4.654134972952306271e-04
4.478751216083765030e-04
4.564615373965352774e-04
4.539266228675842285e-04
4.407244850881397724e-04
4.525071417447179556e-04
4.515080654527992010e-04
4.370150563772767782e-04
4.421261546667665243e-04
4.373498668428510427e-04
4.359583836048841476e-04
4.425124207045882940e-04
4.334742843639105558e-04
4.358526784926652908e-04
4.411712288856506348e-04
4.433211870491504669e-04
4.426250234246253967e-04
4.466772079467773438e-04
4.397353332024067640e-04
4.378544108476489782e-04
4.335482954047620296e-04
4.280435969121754169e-04
4.274741222616285086e-04
4.312900709919631481e-04
4.411132540553808212e-04
4.429991240613162518e-04
4.469892010092735291e-04
4.509710124693810940e-04
4.749801883008331060e-04
5.202078027650713921e-04
5.601488519459962845e-04
5.301823839545249939e-04
4.459561314433813095e-04
4.587894072756171227e-04
4.973660106770694256e-04
4.511160659603774548e-04
4.436481685843318701e-04
4.615427460521459579e-04
4.383453633636236191e-04
4.373161355033516884e-04
4.462646320462226868e-04
4.279219429008662701e-04
4.275933024473488331e-04
4.336592683102935553e-04
4.172836779616773129e-04
4.267527838237583637e-04
4.225503653287887573e-04
4.127944994252175093e-04
4.231635830365121365e-04
4.133013717364519835e-04
4.124655388295650482e-04
4.185374709777534008e-04
4.134511982556432486e-04
4.145856364630162716e-04
4.171537584625184536e-04
4.157909133937209845e-04
4.186184087302535772e-04
4.111799644306302071e-04
4.125597770325839520e-04
4.032363067381083965e-04
3.981776244472712278e-04
3.970149846281856298e-04
3.946796059608459473e-04
3.983544593211263418e-04
3.997022868134081364e-04
4.013670550193637609e-04
4.054760502185672522e-04
4.108264984097331762e-04
4.149083397351205349e-04
4.255898238625377417e-04
4.298108106013387442e-04
4.522054805420339108e-04
4.438337346073240042e-04
4.264588642399758101e-04
4.261052818037569523e-04
4.302815941628068686e-04
4.270841018296778202e-04
4.057728219777345657e-04
4.049782291986048222e-04
4.169301828369498253e-04
4.084300599060952663e-04
3.897896967828273773e-04
3.907890932168811560e-04
4.051707219332456589e-04
4.002021159976720810e-04
3.858002601191401482e-04
3.902543976437300444e-04
4.013646394014358521e-04
4.001609631814062595e-04
4.021607746835798025e-04
4.104424733668565750e-04
4.219465772621333599e-04
4.193146887701004744e-04
4.226926248520612717e-04
4.153568006586283445e-04
4.061544314026832581e-04
3.938364679925143719e-04
3.869454376399517059e-04
3.927344805561006069e-04
3.928724618162959814e-04
3.837496915366500616e-04
3.835872630588710308e-04
3.860288707073777914e-04
3.772297059185802937e-04
3.734792117029428482e-04
3.781250561587512493e-04
3.769441391341388226e-04
3.760335384868085384e-04
3.768165479414165020e-04
3.763466957025229931e-04
3.793212526943534613e-04
3.830332716461271048e-04
3.899483126588165760e-04
3.938078880310058594e-04
3.993305144831538200e-04
3.886058111675083637e-04
3.750079195015132427e-04
3.716089704539626837e-04
3.827838809229433537e-04
3.900281153619289398e-04
3.911582753062248230e-04
3.900814044754952192e-04
3.969368990510702133e-04
4.176063230261206627e-04
4.456072929315268993e-04
4.738419665955007076e-04
4.471150168683379889e-04
4.020321066491305828e-04
3.947895893361419439e-04
4.133648471906781197e-04
4.011159762740135193e-04
3.821675200015306473e-04
3.899305011145770550e-04
3.846533072646707296e-04
3.736884682439267635e-04
3.766224253922700882e-04
3.749474999494850636e-04
3.669074212666600943e-04
3.685786505229771137e-04
3.688760916702449322e-04
3.619416384026408195e-04
3.614469605963677168e-04
3.591388231143355370e-04
3.584310761652886868e-04
3.586173988878726959e-04
3.557036980055272579e-04
3.559869655873626471e-04
3.551753179635852575e-04
3.530080430209636688e-04
3.531265247147530317e-04
3.542385529726743698e-04
3.538273449521511793e-04
3.573524300009012222e-04
3.636922629084438086e-04
3.820720012299716473e-04
3.967784286942332983e-04
4.239042755216360092e-04
4.073065647389739752e-04
3.943514020647853613e-04
3.873090900015085936e-04
4.013999132439494133e-04
4.145355196669697762e-04
3.886040649376809597e-04
3.780942060984671116e-04
3.802848514169454575e-04
3.799401165451854467e-04
3.724744892679154873e-04
3.696169005706906319e-04
3.778899554163217545e-04
3.792681382037699223e-04
3.728176816366612911e-04
3.694992046803236008e-04
3.622612857725471258e-04
3.576567978598177433e-04
3.536631993483752012e-04
3.511094837449491024e-04
3.530754474923014641e-04
3.543515631463378668e-04
3.514620184432715178e-04
3.475648991297930479e-04
3.431458899285644293e-04
3.407621697988361120e-04
3.422952431719750166e-04
3.437449631746858358e-04
3.412608639337122440e-04
3.393827355466783047e-04
3.397191176190972328e-04
3.405938623473048210e-04
3.427128540351986885e-04
3.464003966655582190e-04
3.546091902535408735e-04
3.720292006619274616e-04
3.899050061590969563e-04
4.001778725069016218e-04
3.960295580327510834e-04
3.850515931844711304e-04
3.801592974923551083e-04
3.908673534169793129e-04
4.008882096968591213e-04
3.738154773600399494e-04
3.589599800761789083e-04
3.657074121292680502e-04
3.554592258296906948e-04
3.498813603073358536e-04
3.543943166732788086e-04
3.514724958222359419e-04
3.420154098421335220e-04
3.392816870473325253e-04
3.419046988710761070e-04
3.412510268390178680e-04
3.354589862283319235e-04
3.337531234137713909e-04
3.346946032252162695e-04
3.326224978081882000e-04
3.288972657173871994e-04
3.293929621577262878e-04
3.304042038507759571e-04
3.272428293712437153e-04
3.280724631622433662e-04
3.333474742248654366e-04
3.385860472917556763e-04
3.503741172607988119e-04
3.790865303017199039e-04
4.140192759223282337e-04
4.559188091661781073e-04
4.453836882021278143e-04
3.939674643334001303e-04
3.626252873800694942e-04
3.883682074956595898e-04
3.922899195458739996e-04
3.490156377665698528e-04
3.631616709753870964e-04
3.761216066777706146e-04
3.381707647349685431e-04
3.492202376946806908e-04
3.553252608980983496e-04
3.324396093375980854e-04
3.425455652177333832e-04
3.384300507605075836e-04
3.265780396759510040e-04
3.344897995702922344e-04
3.275081398896872997e-04
3.250894951634109020e-04
3.280606470070779324e-04
3.218518977519124746e-04
3.211049770470708609e-04
3.240942314732819796e-04
3.199979546479880810e-04
3.235289477743208408e-04
3.316822694614529610e-04
3.424240276217460632e-04
3.705746494233608246e-04
3.960965841542929411e-04
4.069446295034140348e-04
3.934143460355699062e-04
3.790175542235374451e-04
3.927533398382365704e-04
3.872357192449271679e-04
3.696911444421857595e-04
3.524200292304158211e-04
3.627226105891168118e-04
3.553630667738616467e-04
3.392100043129175901e-04
3.448586794547736645e-04
3.457671264186501503e-04
3.331144689582288265e-04
3.322961274534463882e-04
3.355372464284300804e-04
3.266748681198805571e-04
3.248083521611988544e-04
3.278590738773345947e-04
3.218896454200148582e-04
3.180178464390337467e-04
3.201329382136464119e-04
3.160159103572368622e-04
3.142725909128785133e-04
3.139947948511689901e-04
3.120804904028773308e-04
3.108951495960354805e-04
3.096178697887808084e-04
3.074760315939784050e-04
3.075092099606990814e-04
3.060004091821610928e-04
3.043547621928155422e-04
3.051225794479250908e-04
3.049882943741977215e-04
3.066909848712384701e-04
3.142601344734430313e-04
3.310111060272902250e-04
3.658471978269517422e-04
4.140652017667889595e-04
4.362340550869703293e-04
3.881902084685862064e-04
3.473683027550578117e-04
3.644211392384022474e-04
3.558517782948911190e-04
3.428711206652224064e-04
3.516743890941143036e-04
3.332518390379846096e-04
3.339020477142184973e-04
3.414037346374243498e-04
3.220852231606841087e-04
3.279821830801665783e-04
3.287734871264547110e-04
3.159240586683154106e-04
3.212930751033127308e-04
3.186622343491762877e-04
3.121579065918922424e-04
3.149366239085793495e-04
3.108005912508815527e-04
3.083403280470520258e-04
3.091538383159786463e-04
3.068755613639950752e-04
3.054624539799988270e-04
3.037510323338210583e-04
3.023579774890094995e-04
3.040766459889709949e-04
3.021475858986377716e-04
3.082853218074887991e-04
3.191184659954160452e-04
3.351090708747506142e-04
3.788271569646894932e-04
4.254874656908214092e-04
4.582320980262011290e-04
3.969957761000841856e-04
3.305314749013632536e-04
3.490546368993818760e-04
3.742781700566411018e-04
3.413705271668732166e-04
3.263463731855154037e-04
3.381404094398021698e-04
3.360788105055689812e-04
3.198273770976811647e-04
3.208765410818159580e-04
3.266037092544138432e-04
3.194769669789820910e-04
3.075610147789120674e-04
3.169406554661691189e-04
3.144670045003294945e-04
3.032694803550839424e-04
3.068535297643393278e-04
3.077794972341507673e-04
3.011703956872224808e-04
2.983533486258238554e-04
2.999789430759847164e-04
2.983311424031853676e-04
2.960210549645125866e-04
2.932534262072294950e-04
2.932383795268833637e-04
2.939152764156460762e-04
2.931603812612593174e-04
2.906646113842725754e-04
2.949938352685421705e-04
2.989716595038771629e-04
3.110470424871891737e-04
3.228372661396861076e-04
3.468543873168528080e-04
3.415180544834583998e-04
3.280226374045014381e-04
3.087586956098675728e-04
3.188126138411462307e-04
3.285589627921581268e-04
3.127842501271516085e-04
3.013785462826490402e-04
3.024560865014791489e-04
3.056476707570254803e-04
3.023181343451142311e-04
2.924191649071872234e-04
2.940156555268913507e-04
3.010741493199020624e-04
2.951989881694316864e-04
2.879698295146226883e-04
2.893409691751003265e-04
2.950500347651541233e-04
2.936926903203129768e-04
2.872520708478987217e-04
2.872999757528305054e-04
2.946474705822765827e-04
2.966278116218745708e-04
