0.000000000000000000e+00
1.397721003741025925e-02
9.522158652544021606e-03
6.054474972188472748e-03
4.658891819417476654e-03
4.109281115233898163e-03
3.717669751495122910e-03
3.559998702257871628e-03
3.388870973140001297e-03
3.224805463105440140e-03
3.075063228607177734e-03
2.969190478324890137e-03
2.921443199738860130e-03
2.818449167534708977e-03
2.681187819689512253e-03
2.605350688099861145e-03
2.567931776866316795e-03
2.513069193810224533e-03
2.454187255352735519e-03
2.404677448794245720e-03
2.353387419134378433e-03
2.292988356202840805e-03
2.248684875667095184e-03
2.215169137343764305e-03
2.174912951886653900e-03
2.138341311365365982e-03
2.103659790009260178e-03
2.068193629384040833e-03
2.040085382759571075e-03
2.012911951169371605e-03
1.985597191378474236e-03
1.956143649294972420e-03
1.923952717334032059e-03
1.898915506899356842e-03
1.875379821285605431e-03
1.848743297159671783e-03
1.823171041905879974e-03
1.800877740606665611e-03
1.778225414454936981e-03
1.758361118845641613e-03
1.739721512421965599e-03
1.718540210276842117e-03
1.697811065241694450e-03
1.677058637142181396e-03
1.660313806496560574e-03
1.643192837946116924e-03
1.626222743652760983e-03
1.608813996426761150e-03
1.592069398611783981e-03
1.575735164806246758e-03
1.559079973958432674e-03
1.543083577416837215e-03
1.527015352621674538e-03
1.512789167463779449e-03
1.497483346611261368e-03
1.482531311921775341e-03
1.467719092033803463e-03
1.454390352591872215e-03
1.440644031390547752e-03
1.427225302904844284e-03
1.414160593412816525e-03
1.401389366947114468e-03
1.389277866110205650e-03
1.376693020574748516e-03
1.364436931908130646e-03
1.352533465251326561e-03
1.341104973107576370e-03
1.330091385170817375e-03
1.318973256275057793e-03
1.308387145400047302e-03
1.298169954679906368e-03
1.288072904571890831e-03
1.278167939744889736e-03
1.268268795683979988e-03
1.258697942830622196e-03
1.249223947525024414e-03
1.240021549165248871e-03
1.230903202667832375e-03
1.221960410475730896e-03
1.213094452396035194e-03
1.204568427056074142e-03
1.197118079289793968e-03
1.192454015836119652e-03
1.195063116028904915e-03
1.217767130583524704e-03
1.242569880560040474e-03
1.254907925613224506e-03
1.176083460450172424e-03
1.157230464741587639e-03
1.192372175864875317e-03
1.151359989307820797e-03
1.135984901338815689e-03
1.153605524450540543e-03
1.119097578339278698e-03
1.114831422455608845e-03
1.124641625210642815e-03
1.092134043574333191e-03
1.094265608116984367e-03
1.099734217859804630e-03
1.070919097401201725e-03
1.074285246431827545e-03
1.077256631106138229e-03
1.051938394084572792e-03
1.053530490025877953e-03
1.056076493114233017e-03
1.034935703501105309e-03
1.032724860124289989e-03
1.036083558574318886e-03
1.019127550534904003e-03
1.012680004350841045e-03
1.015839166939258575e-03
1.005384838208556175e-03
9.947137441486120224e-04
9.941316675394773483e-04
9.920807788148522377e-04
9.842196013778448105e-04
9.792598430067300797e-04
9.843984153121709824e-04
9.988610399886965752e-04
1.015383983030915260e-03
1.053420593962073326e-03
1.060558715835213661e-03
1.005936297588050365e-03
9.500423329882323742e-04
9.861687431111931801e-04
9.969994425773620605e-04
9.439392015337944031e-04
9.465003386139869690e-04
9.679081849753856659e-04
9.359720861539244652e-04
9.267485584132373333e-04
9.400311391800642014e-04
9.200478671118617058e-04
9.125391370616853237e-04
9.195137536153197289e-04
9.048044448718428612e-04
8.967247558757662773e-04
9.028147323988378048e-04
8.958996040746569633e-04
8.827230776660144329e-04
8.837548084557056427e-04
8.830958977341651917e-04
8.749018306843936443e-04
8.701900951564311981e-04
8.706058142706751823e-04
8.680277969688177109e-04
8.607808267697691917e-04
8.567293407395482063e-04
8.585196919739246368e-04
8.595507824793457985e-04
8.579932036809623241e-04
8.612993406131863594e-04
8.763278601691126823e-04
9.056961862370371819e-04
9.108379017561674118e-04
8.894840138964354992e-04
8.420992526225745678e-04
8.419069345109164715e-04
8.659299346618354321e-04
8.536856621503829956e-04
8.322097128257155418e-04
8.357580518350005150e-04
8.327636751346290112e-04
8.172785746864974499e-04
8.229347877204418182e-04
8.239654707722365856e-04
8.043881389312446117e-04
8.014852646738290787e-04
8.102271240204572678e-04
8.056503720581531525e-04
7.904385565780103207e-04
7.871692068874835968e-04
7.934157038107514381e-04
7.886099047027528286e-04
7.781562162563204765e-04
7.762565510347485542e-04
7.794745033606886864e-04
7.774980622343719006e-04
7.700745481997728348e-04
7.709529018029570580e-04
7.873224094510078430e-04
8.362270891666412354e-04
9.079302544705569744e-04
9.559723548591136932e-04
8.507608436048030853e-04
8.305899682454764843e-04
8.675983990542590618e-04
8.117916877381503582e-04
8.084506262093782425e-04
8.377322810702025890e-04
7.908768020570278168e-04
7.993498584255576134e-04
8.028959855437278748e-04
7.609535823576152325e-04
7.919770432636141777e-04
7.617992814630270004e-04
7.552444003522396088e-04
7.711130892857909203e-04
7.356034475378692150e-04
7.570988964289426804e-04
7.445308729074895382e-04
7.314430549740791321e-04
7.471115095540881157e-04
7.229386246763169765e-04
7.288370979949831963e-04
7.292001391761004925e-04
7.140625966712832451e-04
7.210302865132689476e-04
7.135231862775981426e-04
7.089319406077265739e-04
7.112170569598674774e-04
7.051030988804996014e-04
7.068258710205554962e-04
7.085203542374074459e-04
7.102851523086428642e-04
7.322288583964109421e-04
7.581460522487759590e-04
7.924325764179229736e-04
8.068938623182475567e-04
7.654065266251564026e-04
6.982649210840463638e-04
7.184875430539250374e-04
7.507094996981322765e-04
7.209246978163719177e-04
6.910334341228008270e-04
7.079358911141753197e-04
7.140202797017991543e-04
6.899532745592296124e-04
6.810915656387805939e-04
6.968337111175060272e-04
6.885080365464091301e-04
6.729979068040847778e-04
6.780795520171523094e-04
6.807898171246051788e-04
6.717205978929996490e-04
6.679007201455533504e-04
6.666753324680030346e-04
6.686325068585574627e-04
6.697542266920208931e-04
6.666185799986124039e-04
6.758974632248282433e-04
6.949976086616516113e-04
7.239698315970599651e-04
7.182007539086043835e-04
7.013034773990511894e-04
6.696688942611217499e-04
6.653083255514502525e-04
6.766665028408169746e-04
6.728062289766967297e-04
6.559176254086196423e-04
6.459770957008004189e-04
6.566715310327708721e-04
6.567918462678790092e-04
6.419759592972695827e-04
6.383676081895828247e-04
6.436340045183897018e-04
6.460656295530498028e-04
6.380584090948104858e-04
6.271378952078521252e-04
6.303243571892380714e-04
6.354248034767806530e-04
6.363565917126834393e-04
6.389972404576838017e-04
6.436742260120809078e-04
6.560866022482514381e-04
6.862913724035024643e-04
6.964748608879745007e-04
6.817057728767395020e-04
6.504903431050479412e-04
6.403865991160273552e-04
6.557111046276986599e-04
6.499654846265912056e-04
6.314945640042424202e-04
6.219546194188296795e-04
6.292716134339570999e-04
6.304493872448801994e-04
6.153133581392467022e-04
6.142867496237158775e-04
6.157207535579800606e-04
6.120544858276844025e-04
6.071915267966687679e-04
6.048035575076937675e-04
6.066166679374873638e-04
6.040354492142796516e-04
5.971201462671160698e-04
6.046920316293835640e-04
6.105217617005109787e-04
6.200559437274932861e-04
6.387853063642978668e-04
6.616373430006206036e-04
6.465438636951148510e-04
6.221716757863759995e-04
6.141354679130017757e-04
6.121436599642038345e-04
6.106827640905976295e-04
6.079039303585886955e-04
6.053227116353809834e-04
5.919826216995716095e-04
5.975698586553335190e-04
6.085512577556073666e-04
5.898459930904209614e-04
5.800492945127189159e-04
5.884435959160327911e-04
5.807731067761778831e-04
5.775936879217624664e-04
5.705244839191436768e-04
5.685501964762806892e-04
5.725747905671596527e-04
5.665036151185631752e-04
5.650764214806258678e-04
5.731919663958251476e-04
5.767559632658958435e-04
5.856951465830206871e-04
6.099444581195712090e-04
6.360991392284631729e-04
6.492185639217495918e-04
6.156439776532351971e-04
5.805266555398702621e-04
5.853568436577916145e-04
6.132369744591414928e-04
6.033852114342153072e-04
5.703782080672681332e-04
5.774900782853364944e-04
6.094994605518877506e-04
5.774750607088208199e-04
5.586226470768451691e-04
5.698268651030957699e-04
5.740307387895882130e-04
5.560263525694608688e-04
5.506725283339619637e-04
5.628559156320989132e-04
5.665633943863213062e-04
5.616348935291171074e-04
5.715664010494947433e-04
5.993041559122502804e-04
6.062936736270785332e-04
6.144969956949353218e-04
6.135734147392213345e-04
5.964326555840671062e-04
5.835006013512611389e-04
5.819806247018277645e-04
5.903419805690646172e-04
5.739786429330706596e-04
5.518983816727995872e-04
5.484893918037414551e-04
5.574107053689658642e-04
5.685891374014317989e-04
5.458649247884750366e-04
5.285802762955427170e-04
5.393075407482683659e-04
5.458169034682214260e-04
5.370232975110411644e-04
5.271231639198958874e-04
5.269970861263573170e-04
5.300105549395084381e-04
5.278600729070603848e-04
5.222766194492578506e-04
5.212660762481391430e-04
5.298632895573973656e-04
5.332311848178505898e-04
5.411057500168681145e-04
5.532269133254885674e-04
5.627657519653439522e-04
5.525627057068049908e-04
5.362879601307213306e-04
5.215143319219350815e-04
5.247534718364477158e-04
5.366775440052151680e-04
5.351853324100375175e-04
5.191316013224422932e-04
5.158416461199522018e-04
5.281295161694288254e-04
5.384343094192445278e-04
5.339866038411855698e-04
5.388279096223413944e-04
5.460579413920640945e-04
5.743670626543462276e-04
5.652500549331307411e-04
5.394347244873642921e-04
5.184236215427517891e-04
5.273724091239273548e-04
5.297160823829472065e-04
5.153297679498791695e-04
5.280389450490474701e-04
5.281251505948603153e-04
5.149614298716187477e-04
5.087561439722776413e-04
5.109171615913510323e-04
5.073495558463037014e-04
5.061355768702924252e-04
5.076085217297077179e-04
5.001142853870987892e-04
4.953767638653516769e-04
4.968704888597130775e-04
4.989382578060030937e-04
4.987662541680037975e-04
4.973689792677760124e-04
5.114440573379397392e-04
5.213426193222403526e-04
5.498564569279551506e-04
5.676278960891067982e-04
5.711321136914193630e-04
5.334202433004975319e-04
4.997404757887125015e-04
5.077521782368421555e-04
5.225104396231472492e-04
5.170562653802335262e-04
4.876408202107995749e-04
4.909853450953960419e-04
5.084087606519460678e-04
4.979937803000211716e-04
4.841479822061955929e-04
4.845047369599342346e-04
4.893073346465826035e-04
4.926483961753547192e-04
4.842126218136399984e-04
4.812133847735822201e-04
4.883387591689825058e-04
5.023863632231950760e-04
5.201217136345803738e-04
5.563450977206230164e-04
5.939999246038496494e-04
6.557083688676357269e-04
5.954790394753217697e-04
5.378811038099229336e-04
5.428275326266884804e-04
5.434026243165135384e-04
5.249243695288896561e-04
5.131351645104587078e-04
5.225924542173743248e-04
5.121661815792322159e-04
5.026476574130356312e-04
5.066851153969764709e-04
4.969919100403785706e-04
4.949010326527059078e-04
4.926269175484776497e-04
4.864967777393758297e-04
4.815201391465961933e-04
4.826944787055253983e-04
4.743229364976286888e-04
4.700012214016169310e-04
4.736158007290214300e-04
4.637499514501541853e-04
4.642114508897066116e-04
4.640208499040454626e-04
4.588443262036889791e-04
4.580492968671023846e-04
4.570720193441957235e-04
4.552536993287503719e-04
4.545538104139268398e-04
4.554684273898601532e-04
4.572083707898855209e-04
4.611001058947294950e-04
4.705922619905322790e-04
4.817261360585689545e-04
4.957837518304586411e-04
5.007094587199389935e-04
4.864244838245213032e-04
4.712856025435030460e-04
4.653343348763883114e-04
4.633772769011557102e-04
4.657262470573186874e-04
4.653979558497667313e-04
4.600970714818686247e-04
4.595585050992667675e-04
4.640479455702006817e-04
4.762182943522930145e-04
4.886008100584149361e-04
5.030917818658053875e-04
5.206550704315304756e-04
5.203208420425653458e-04
4.886883543804287910e-04
4.578846856020390987e-04
4.614701902028173208e-04
4.788452642969787121e-04
4.742900491692125797e-04
4.522966628428548574e-04
4.485724202822893858e-04
4.578508378472179174e-04
4.568244039546698332e-04
4.469534324016422033e-04
4.402736085467040539e-04
4.419316537678241730e-04
4.431618144735693932e-04
4.396283766254782677e-04
4.374537093099206686e-04
4.358868754934519529e-04
4.325903137214481831e-04
4.330130759626626968e-04
4.378188750706613064e-04
4.411048721522092819e-04
4.498924536164849997e-04
4.631033807527273893e-04
5.023045814596116543e-04
5.339860799722373486e-04
5.501852137967944145e-04
5.044954596087336540e-04
4.659963306039571762e-04
4.814080893993377686e-04
4.851320700254291296e-04
4.665264859795570374e-04
4.440406337380409241e-04
4.533367464318871498e-04
4.633537901099771261e-04
4.450366250239312649e-04
4.368910449557006359e-04
4.481371142901480198e-04
4.448713152669370174e-04
4.353729891590774059e-04
4.285128670744597912e-04
4.304353496991097927e-04
4.303991736378520727e-04
4.239311092533171177e-04
4.251564387232065201e-04
4.236462409608066082e-04
4.215813241899013519e-04
4.237792454659938812e-04
4.225622105877846479e-04
4.253480583429336548e-04
4.306529590394347906e-04
4.367105429992079735e-04
4.412567359395325184e-04
4.501358780544251204e-04
4.490782448556274176e-04
4.442771896719932556e-04
4.311320080887526274e-04
4.200907424092292786e-04
4.195118963252753019e-04
4.236170498188585043e-04
4.346879140939563513e-04
4.398357996251434088e-04
4.355512501206248999e-04
4.285947361495345831e-04
4.342239699326455593e-04
4.489269049372524023e-04
4.582811088766902685e-04
4.576190258376300335e-04
4.289304488338530064e-04
4.102369712200015783e-04
4.119629447814077139e-04
4.235926317051053047e-04
4.270329372957348824e-04
4.129933076910674572e-04
4.102468374185264111e-04
4.162078257650136948e-04
4.173805937170982361e-04
4.105931147933006287e-04
4.043263325002044439e-04
4.066436085850000381e-04
4.066437832079827785e-04
4.061436920892447233e-04
4.107793793082237244e-04
4.113556351512670517e-04
4.044272645842283964e-04
4.085545369889587164e-04
4.207425226923078299e-04
4.262009169906377792e-04
4.310780204832553864e-04
4.326556227169930935e-04
4.282706067897379398e-04
4.266970208846032619e-04
4.425821825861930847e-04
4.661527636926621199e-04
4.809619276784360409e-04
4.592390905600041151e-04
4.397110024001449347e-04
4.509618156589567661e-04
4.603493434842675924e-04
4.206635640002787113e-04
4.156235081609338522e-04
4.348540387582033873e-04
4.165008431300520897e-04
3.957073204219341278e-04
4.160157404839992523e-04
4.129166190978139639e-04
3.944832133129239082e-04
4.013776197098195553e-04
4.010013653896749020e-04
3.903255274053663015e-04
3.909482329618185759e-04
3.959983005188405514e-04
3.911409294232726097e-04
3.865203761961311102e-04
3.874977119266986847e-04
3.863857709802687168e-04
3.844875609502196312e-04
3.828494518529623747e-04
3.823122824542224407e-04
3.843010053969919682e-04
3.848988562822341919e-04
3.918563597835600376e-04
4.165110876783728600e-04
4.491951258387416601e-04
5.244960193522274494e-04
5.330818239599466324e-04
4.891022108495235443e-04
4.300506261643022299e-04
4.608345916494727135e-04
4.916263278573751450e-04
4.178571398369967937e-04
4.412278067320585251e-04
4.667160101234912872e-04
4.077300836797803640e-04
4.357510479167103767e-04
4.456528404261916876e-04
3.953508567065000534e-04
4.355783457867801189e-04
4.234227817505598068e-04
3.918923612218350172e-04
4.263922455720603466e-04
3.921322640962898731e-04
3.988468670286238194e-04
4.031368007417768240e-04
3.835700335912406445e-04
3.947974182665348053e-04
3.868209605570882559e-04
3.823961014859378338e-04
3.865137696266174316e-04
3.776821249630302191e-04
3.798793186433613300e-04
3.755081852432340384e-04
3.741474356502294540e-04
3.740091051440685987e-04
3.705899871420115232e-04
3.721380780916661024e-04
3.690417797770351171e-04
3.690988523885607719e-04
3.722508845385164022e-04
3.735419013537466526e-04
3.858590498566627502e-04
4.085464170202612877e-04
4.376980941742658615e-04
4.743387107737362385e-04
4.816219152417033911e-04
4.344735934864729643e-04
3.767372982110828161e-04
3.922846808563917875e-04
4.305396869312971830e-04
4.087394045200198889e-04
3.829441848210990429e-04
4.025059170089662075e-04
4.253239312674850225e-04
4.025922098662704229e-04
3.941737813875079155e-04
4.053095472045242786e-04
4.011031705886125565e-04
3.704411792568862438e-04
3.724179114215075970e-04
3.873320238199084997e-04
3.787955211009830236e-04
3.715154889505356550e-04
3.787169116549193859e-04
3.788297472056001425e-04
3.662308154162019491e-04
3.632949665188789368e-04
3.669608558993786573e-04
3.652180894277989864e-04
3.571941924747079611e-04
3.580754564609378576e-04
3.648592100944370031e-04
3.618011833168566227e-04
3.586829407140612602e-04
3.606951213441789150e-04
3.630642313510179520e-04
3.623887314461171627e-04
3.638307098299264908e-04
3.735547361429780722e-04
3.885668702423572540e-04
4.074784810654819012e-04
4.472328582778573036e-04
4.543601535260677338e-04
4.321731976233422756e-04
3.845371538773179054e-04
3.834947419818490744e-04
4.113707691431045532e-04
3.935734275728464127e-04
3.760549589060246944e-04
3.816942917183041573e-04
3.803196595981717110e-04
3.691682941280305386e-04
3.662504896055907011e-04
3.653729800134897232e-04
3.631848376244306564e-04
3.615606983657926321e-04
3.599212504923343658e-04
3.538981545716524124e-04
3.585539234336465597e-04
3.587903338484466076e-04
3.492320829536765814e-04
3.545840445440262556e-04
3.599492483772337437e-04
3.494463162496685982e-04
3.515990683808922768e-04
3.573405556380748749e-04
3.569846739992499352e-04
3.625877143349498510e-04
3.709485172294080257e-04
3.807800239883363247e-04
3.891777887474745512e-04
3.965321811847388744e-04
3.764407883863896132e-04
3.632025327533483505e-04
3.660527872852981091e-04
3.767879679799079895e-04
3.800543199758976698e-04
3.639815258793532848e-04
3.528666566126048565e-04
3.577704483177512884e-04
3.637353074736893177e-04
3.540390171110630035e-04
3.432714147493243217e-04
3.455837140791118145e-04
3.537166339810937643e-04
3.494607226457446814e-04
3.405907191336154938e-04
3.392618964426219463e-04
3.420053690206259489e-04
3.432702505961060524e-04
3.396469983272254467e-04
3.360986884217709303e-04
3.371598140802234411e-04
3.391370992176234722e-04
3.415344690438359976e-04
3.455721307545900345e-04
3.517552395351231098e-04
3.732897748704999685e-04
4.002348869107663631e-04
4.423980135470628738e-04
4.250369966030120850e-04
3.825375461019575596e-04
3.635839966591447592e-04
3.750238975044339895e-04
3.816600656136870384e-04
3.648186102509498596e-04
3.663454554043710232e-04
3.664247342385351658e-04
3.593523288145661354e-04
3.592035500332713127e-04
3.623441443778574467e-04
3.592334687709808350e-04
3.591731656342744827e-04
3.563341451808810234e-04
3.563156351447105408e-04
3.534260904416441917e-04
3.510754322633147240e-04
3.487067297101020813e-04
3.491306561045348644e-04
3.433726378716528416e-04
3.414054808672517538e-04
3.335728251840919256e-04
3.351054619997739792e-04
3.381106071174144745e-04
3.369348996784538031e-04
3.445237816777080297e-04
3.510170790832489729e-04
3.642395313363522291e-04
3.736924263648688793e-04
3.913505934178829193e-04
3.824483137577772141e-04
3.728273732122033834e-04
3.526968357618898153e-04
3.475283738225698471e-04
3.581981582101434469e-04
3.615946043282747269e-04
3.550582041498273611e-04
3.357305831741541624e-04
3.342595882713794708e-04
3.450313815847039223e-04
3.456748963799327612e-04
3.406453179195523262e-04
3.270985034760087729e-04
3.249796282034367323e-04
3.331146435812115669e-04
3.308588056825101376e-04
3.266895655542612076e-04
3.247773856855928898e-04
3.206298861186951399e-04
3.214809694327414036e-04
3.265843261033296585e-04
3.246027627028524876e-04
3.239463549107313156e-04
3.233877941966056824e-04
3.282901598140597343e-04
3.390939091332256794e-04
3.599210176616907120e-04
3.782234562095254660e-04
4.050136776641011238e-04
3.964901843573898077e-04
3.846590116154402494e-04
3.896967391483485699e-04
4.051697615068405867e-04
4.087728448212146759e-04
3.658506902866065502e-04
3.531573456712067127e-04
3.802654973696917295e-04
3.559837932698428631e-04
3.373416839167475700e-04
3.559983742889016867e-04
3.479906299617141485e-04
3.308142768219113350e-04
3.321598924230784178e-04
3.374194493517279625e-04
3.318380913697183132e-04
3.222703817300498486e-04
3.235235344618558884e-04
3.285654238425195217e-04
3.193583979737013578e-04
3.161584027111530304e-04
3.223039093427360058e-04
3.200453356839716434e-04
3.159832558594644070e-04
3.174322191625833511e-04
3.218791680410504341e-04
3.287395229563117027e-04
3.361585258971899748e-04
3.486270434223115444e-04
3.700154775287955999e-04
3.756718651857227087e-04
3.732813929673284292e-04
3.511126851662993431e-04
3.368121688254177570e-04
3.342750133015215397e-04
3.344345605000853539e-04
3.320238029118627310e-04
3.264583647251129150e-04
3.207887057214975357e-04
3.197275800630450249e-04
3.236891934648156166e-04
3.229966969229280949e-04
3.182232321705669165e-04
3.103630442637950182e-04
3.115300205536186695e-04
3.171453718096017838e-04
3.177624894306063652e-04
3.136661252938210964e-04
3.170209238305687904e-04
3.177757316734641790e-04
3.248404827900230885e-04
3.280375385656952858e-04
3.388834593351930380e-04
3.294392372481524944e-04
3.204446984454989433e-04
3.149568219669163227e-04
3.231140726711601019e-04
3.288992156740278006e-04
3.261412493884563446e-04
3.264724218752235174e-04
3.261220117565244436e-04
3.305437276139855385e-04
3.338686074130237103e-04
3.354628570377826691e-04
3.388160257600247860e-04
3.310886677354574203e-04
3.336693043820559978e-04
3.485862107481807470e-04
3.550775581970810890e-04
3.587336977943778038e-04
3.511971735861152411e-04
3.388690238352864981e-04
3.360889386385679245e-04
3.396091924514621496e-04
3.239229263272136450e-04
3.272531903348863125e-04
3.213617892470210791e-04
3.185077512171119452e-04
3.230863367207348347e-04
3.113735001534223557e-04
3.076261491514742374e-04
3.114808059763163328e-04
3.100208414252847433e-04
3.092172264587134123e-04
3.083833144046366215e-04
3.032378735952079296e-04
3.091263060923665762e-04
3.038407303392887115e-04
3.053180989809334278e-04
3.092348342761397362e-04
3.136854793410748243e-04
3.226465196348726749e-04
3.384867159184068441e-04
3.562619385775178671e-04
3.892223758157342672e-04
3.849060158245265484e-04
3.719947708304971457e-04
3.606341779232025146e-04
3.672434831969439983e-04
3.912106622010469437e-04
3.581364580895751715e-04
3.392371290829032660e-04
3.411260549910366535e-04
3.415943938307464123e-04
3.289524174761027098e-04
3.191490541212260723e-04
3.231169830542057753e-04
3.169435076415538788e-04
3.143937792629003525e-04
3.153988218400627375e-04
3.123481583315879107e-04
3.055036650039255619e-04
3.032580134458839893e-04
3.048231301363557577e-04
3.008649218827486038e-04
2.978853590320795774e-04
2.983863232657313347e-04
2.962902653962373734e-04
2.926077577285468578e-04
2.922756248153746128e-04
2.937609970103949308e-04
2.917607198469340801e-04
